PROMPTTYPE,Index,Requirement,Ground Truth,Response,Equivalent
ARTEMIS,1,The sensor shall change states from NOMINAL to FAULT when limits are exceeded.,!limits U (limits & F(state_is_FAULT)),G(limits -> F state_is_FAULT),False
ARTEMIS,1,The sensor shall change states from NOMINAL to FAULT when limits are exceeded.,!limits U (limits & F(state_is_FAULT)),G(limits -> F state_is_FAULT),False
ARTEMIS,1,The sensor shall change states from NOMINAL to FAULT when limits are exceeded.,!limits U (limits & F(state_is_FAULT)),G(limits -> F state_is_FAULT),False
ARTEMIS,1,The sensor shall change states from NOMINAL to FAULT when limits are exceeded.,!limits U (limits & F(state_is_FAULT)),G(limits -> F state_is_FAULT),False
ARTEMIS,1,The sensor shall change states from NOMINAL to FAULT when limits are exceeded.,!limits U (limits & F(state_is_FAULT)),G(limits -> X state_is_FAULT),False
ARTEMIS,1,The sensor shall change states from NOMINAL to FAULT when limits are exceeded.,!limits U (limits & F(state_is_FAULT)),G(limits -> F state_is_FAULT),False
ARTEMIS,1,The sensor shall change states from NOMINAL to FAULT when limits are exceeded.,!limits U (limits & F(state_is_FAULT)),G(limits -> F state_is_FAULT),False
ARTEMIS,1,The sensor shall change states from NOMINAL to FAULT when limits are exceeded.,!limits U (limits & F(state_is_FAULT)),G(limits -> F state_is_FAULT),False
ARTEMIS,1,The sensor shall change states from NOMINAL to FAULT when limits are exceeded.,!limits U (limits & F(state_is_FAULT)),G(limits -> F state_is_FAULT),False
ARTEMIS,1,The sensor shall change states from NOMINAL to FAULT when limits are exceeded.,!limits U (limits & F(state_is_FAULT)),G(limits -> F state_is_FAULT),False
ARTEMIS,1,The sensor shall change states from NOMINAL to FAULT when limits are exceeded.,!limits U (limits & F(state_is_FAULT)),G(limits -> X state_is_FAULT),False
ARTEMIS,1,The sensor shall change states from NOMINAL to FAULT when limits are exceeded.,!limits U (limits & F(state_is_FAULT)),G(limits -> F state_is_FAULT),False
ARTEMIS,1,The sensor shall change states from NOMINAL to FAULT when limits are exceeded.,!limits U (limits & F(state_is_FAULT)),G(limits -> F state_is_FAULT),False
ARTEMIS,1,The sensor shall change states from NOMINAL to FAULT when limits are exceeded.,!limits U (limits & F(state_is_FAULT)),G(limits -> X state_is_FAULT),False
ARTEMIS,1,The sensor shall change states from NOMINAL to FAULT when limits are exceeded.,!limits U (limits & F(state_is_FAULT)),G(limits -> F state_is_FAULT),False
ARTEMIS,1,The sensor shall change states from NOMINAL to FAULT when limits are exceeded.,!limits U (limits & F(state_is_FAULT)),G(limits -> F state_is_FAULT),False
ARTEMIS,1,The sensor shall change states from NOMINAL to FAULT when limits are exceeded.,!limits U (limits & F(state_is_FAULT)),G(limits -> F state_is_FAULT),False
ARTEMIS,1,The sensor shall change states from NOMINAL to FAULT when limits are exceeded.,!limits U (limits & F(state_is_FAULT)),G(limits -> F state_is_FAULT),False
ARTEMIS,1,The sensor shall change states from NOMINAL to FAULT when limits are exceeded.,!limits U (limits & F(state_is_FAULT)),G(limits -> X state_is_FAULT),False
ARTEMIS,1,The sensor shall change states from NOMINAL to FAULT when limits are exceeded.,!limits U (limits & F(state_is_FAULT)),G(limits -> F state_is_FAULT),False
ARTEMIS,1,The sensor shall change states from NOMINAL to FAULT when limits are exceeded.,!limits U (limits & F(state_is_FAULT)),G(limits -> F state_is_FAULT),False
ARTEMIS,1,The sensor shall change states from NOMINAL to FAULT when limits are exceeded.,!limits U (limits & F(state_is_FAULT)),G(limits -> F state_is_FAULT),False
ARTEMIS,1,The sensor shall change states from NOMINAL to FAULT when limits are exceeded.,!limits U (limits & F(state_is_FAULT)),G(limits -> X state_is_FAULT),False
ARTEMIS,1,The sensor shall change states from NOMINAL to FAULT when limits are exceeded.,!limits U (limits & F(state_is_FAULT)),G(limits -> F state_is_FAULT),False
ARTEMIS,1,The sensor shall change states from NOMINAL to FAULT when limits are exceeded.,!limits U (limits & F(state_is_FAULT)),G(limits -> F state_is_FAULT),False
ARTEMIS,1,The sensor shall change states from NOMINAL to FAULT when limits are exceeded.,!limits U (limits & F(state_is_FAULT)),G(limits -> F state_is_FAULT),False
ARTEMIS,1,The sensor shall change states from NOMINAL to FAULT when limits are exceeded.,!limits U (limits & F(state_is_FAULT)),G(limits -> F state_is_FAULT),False
ARTEMIS,1,The sensor shall change states from NOMINAL to FAULT when limits are exceeded.,!limits U (limits & F(state_is_FAULT)),G(limits -> F state_is_FAULT),False
ARTEMIS,1,The sensor shall change states from NOMINAL to FAULT when limits are exceeded.,!limits U (limits & F(state_is_FAULT)),G(limits -> F state_is_FAULT),False
ARTEMIS,1,The sensor shall change states from NOMINAL to FAULT when limits are exceeded.,!limits U (limits & F(state_is_FAULT)),G(limits -> X state_is_FAULT),False
ARTEMIS,1,The sensor shall change states from NOMINAL to FAULT when limits are exceeded.,!limits U (limits & F(state_is_FAULT)),G(limits -> F state_is_FAULT),False
ARTEMIS,1,The sensor shall change states from NOMINAL to FAULT when limits are exceeded.,!limits U (limits & F(state_is_FAULT)),G(limits -> X state_is_FAULT),False
ARTEMIS,1,The sensor shall change states from NOMINAL to FAULT when limits are exceeded.,!limits U (limits & F(state_is_FAULT)),G(limits -> X state_is_FAULT),False
ARTEMIS,1,The sensor shall change states from NOMINAL to FAULT when limits are exceeded.,!limits U (limits & F(state_is_FAULT)),G(limits -> F state_is_FAULT),False
ARTEMIS,1,The sensor shall change states from NOMINAL to FAULT when limits are exceeded.,!limits U (limits & F(state_is_FAULT)),G(limits -> F state_is_FAULT),False
ARTEMIS,1,The sensor shall change states from NOMINAL to FAULT when limits are exceeded.,!limits U (limits & F(state_is_FAULT)),G(limits -> X state_is_FAULT),False
ARTEMIS,1,The sensor shall change states from NOMINAL to FAULT when limits are exceeded.,!limits U (limits & F(state_is_FAULT)),G(limits -> F state_is_FAULT),False
ARTEMIS,1,The sensor shall change states from NOMINAL to FAULT when limits are exceeded.,!limits U (limits & F(state_is_FAULT)),G(limits -> F state_is_FAULT),False
ARTEMIS,1,The sensor shall change states from NOMINAL to FAULT when limits are exceeded.,!limits U (limits & F(state_is_FAULT)),G(limits -> X state_is_FAULT),False
ARTEMIS,1,The sensor shall change states from NOMINAL to FAULT when limits are exceeded.,!limits U (limits & F(state_is_FAULT)),G(limits -> F state_is_FAULT),False
ARTEMIS,1,The sensor shall change states from NOMINAL to FAULT when limits are exceeded.,!limits U (limits & F(state_is_FAULT)),G(limits -> F state_is_FAULT),False
ARTEMIS,1,The sensor shall change states from NOMINAL to FAULT when limits are exceeded.,!limits U (limits & F(state_is_FAULT)),G(limits -> F state_is_FAULT),False
ARTEMIS,1,The sensor shall change states from NOMINAL to FAULT when limits are exceeded.,!limits U (limits & F(state_is_FAULT)),G(limits -> F state_is_FAULT),False
ARTEMIS,1,The sensor shall change states from NOMINAL to FAULT when limits are exceeded.,!limits U (limits & F(state_is_FAULT)),G(limits -> F state_is_FAULT),False
ARTEMIS,1,The sensor shall change states from NOMINAL to FAULT when limits are exceeded.,!limits U (limits & F(state_is_FAULT)),G(limits -> F state_is_FAULT),False
ARTEMIS,1,The sensor shall change states from NOMINAL to FAULT when limits are exceeded.,!limits U (limits & F(state_is_FAULT)),G(limits -> X state_is_FAULT),False
ARTEMIS,1,The sensor shall change states from NOMINAL to FAULT when limits are exceeded.,!limits U (limits & F(state_is_FAULT)),G(limits -> F state_is_FAULT),False
ARTEMIS,1,The sensor shall change states from NOMINAL to FAULT when limits are exceeded.,!limits U (limits & F(state_is_FAULT)),G(limits -> F state_is_FAULT),False
ARTEMIS,1,The sensor shall change states from NOMINAL to FAULT when limits are exceeded.,!limits U (limits & F(state_is_FAULT)),G(limits -> X state_is_FAULT),False
ARTEMIS,1,The sensor shall change states from NOMINAL to FAULT when limits are exceeded.,!limits U (limits & F(state_is_FAULT)),G(limits -> F state_is_FAULT),False
ARTEMIS,1,The sensor shall change states from NOMINAL to FAULT when limits are exceeded.,!limits U (limits & F(state_is_FAULT)),G(limits -> F state_is_FAULT),False
ARTEMIS,1,The sensor shall change states from NOMINAL to FAULT when limits are exceeded.,!limits U (limits & F(state_is_FAULT)),G(limits -> X state_is_FAULT),False
ARTEMIS,1,The sensor shall change states from NOMINAL to FAULT when limits are exceeded.,!limits U (limits & F(state_is_FAULT)),G(limits -> F state_is_FAULT),False
ARTEMIS,1,The sensor shall change states from NOMINAL to FAULT when limits are exceeded.,!limits U (limits & F(state_is_FAULT)),G(limits -> X state_is_FAULT),False
ARTEMIS,1,The sensor shall change states from NOMINAL to FAULT when limits are exceeded.,!limits U (limits & F(state_is_FAULT)),G(limits -> X state_is_FAULT),False
ARTEMIS,1,The sensor shall change states from NOMINAL to FAULT when limits are exceeded.,!limits U (limits & F(state_is_FAULT)),G(limits -> F state_is_FAULT),False
ARTEMIS,1,The sensor shall change states from NOMINAL to FAULT when limits are exceeded.,!limits U (limits & F(state_is_FAULT)),G(limits -> F state_is_FAULT),False
ARTEMIS,1,The sensor shall change states from NOMINAL to FAULT when limits are exceeded.,!limits U (limits & F(state_is_FAULT)),G(limits -> F state_is_FAULT),False
ARTEMIS,1,The sensor shall change states from NOMINAL to FAULT when limits are exceeded.,!limits U (limits & F(state_is_FAULT)),G(limits -> F state_is_FAULT),False
ARTEMIS,1,The sensor shall change states from NOMINAL to FAULT when limits are exceeded.,!limits U (limits & F(state_is_FAULT)),G(limits -> X state_is_FAULT),False
ARTEMIS,1,The sensor shall change states from NOMINAL to FAULT when limits are exceeded.,!limits U (limits & F(state_is_FAULT)),G(limits -> F state_is_FAULT),False
ARTEMIS,1,The sensor shall change states from NOMINAL to FAULT when limits are exceeded.,!limits U (limits & F(state_is_FAULT)),G(limits -> X state_is_FAULT),False
ARTEMIS,1,The sensor shall change states from NOMINAL to FAULT when limits are exceeded.,!limits U (limits & F(state_is_FAULT)),G(limits -> F state_is_FAULT),False
ARTEMIS,1,The sensor shall change states from NOMINAL to FAULT when limits are exceeded.,!limits U (limits & F(state_is_FAULT)),G(limits -> F state_is_FAULT),False
ARTEMIS,1,The sensor shall change states from NOMINAL to FAULT when limits are exceeded.,!limits U (limits & F(state_is_FAULT)),G(limits -> F state_is_FAULT),False
ARTEMIS,1,The sensor shall change states from NOMINAL to FAULT when limits are exceeded.,!limits U (limits & F(state_is_FAULT)),G(limits -> F state_is_FAULT),False
ARTEMIS,1,The sensor shall change states from NOMINAL to FAULT when limits are exceeded.,!limits U (limits & F(state_is_FAULT)),G(limits -> F state_is_FAULT),False
ARTEMIS,1,The sensor shall change states from NOMINAL to FAULT when limits are exceeded.,!limits U (limits & F(state_is_FAULT)),G(limits -> F state_is_FAULT),False
ARTEMIS,1,The sensor shall change states from NOMINAL to FAULT when limits are exceeded.,!limits U (limits & F(state_is_FAULT)),G(limits -> F state_is_FAULT),False
ARTEMIS,1,The sensor shall change states from NOMINAL to FAULT when limits are exceeded.,!limits U (limits & F(state_is_FAULT)),G(limits -> F state_is_FAULT),False
ARTEMIS,1,The sensor shall change states from NOMINAL to FAULT when limits are exceeded.,!limits U (limits & F(state_is_FAULT)),G(limits -> F state_is_FAULT),False
ARTEMIS,1,The sensor shall change states from NOMINAL to FAULT when limits are exceeded.,!limits U (limits & F(state_is_FAULT)),G(limits -> F state_is_FAULT),False
ARTEMIS,1,The sensor shall change states from NOMINAL to FAULT when limits are exceeded.,!limits U (limits & F(state_is_FAULT)),G(limits -> F state_is_FAULT),False
ARTEMIS,1,The sensor shall change states from NOMINAL to FAULT when limits are exceeded.,!limits U (limits & F(state_is_FAULT)),G(limits -> F state_is_FAULT),False
ARTEMIS,1,The sensor shall change states from NOMINAL to FAULT when limits are exceeded.,!limits U (limits & F(state_is_FAULT)),G(limits -> X state_is_FAULT),False
ARTEMIS,1,The sensor shall change states from NOMINAL to FAULT when limits are exceeded.,!limits U (limits & F(state_is_FAULT)),G(limits -> F state_is_FAULT),False
ARTEMIS,1,The sensor shall change states from NOMINAL to FAULT when limits are exceeded.,!limits U (limits & F(state_is_FAULT)),G(limits -> X state_is_FAULT),False
ARTEMIS,1,The sensor shall change states from NOMINAL to FAULT when limits are exceeded.,!limits U (limits & F(state_is_FAULT)),G(limits -> X state_is_FAULT),False
ARTEMIS,1,The sensor shall change states from NOMINAL to FAULT when limits are exceeded.,!limits U (limits & F(state_is_FAULT)),G(limits -> F state_is_FAULT),False
ARTEMIS,1,The sensor shall change states from NOMINAL to FAULT when limits are exceeded.,!limits U (limits & F(state_is_FAULT)),G(limits -> F state_is_FAULT),False
ARTEMIS,1,The sensor shall change states from NOMINAL to FAULT when limits are exceeded.,!limits U (limits & F(state_is_FAULT)),G(limits -> F state_is_FAULT),False
ARTEMIS,1,The sensor shall change states from NOMINAL to FAULT when limits are exceeded.,!limits U (limits & F(state_is_FAULT)),G(limits -> X state_is_FAULT),False
ARTEMIS,1,The sensor shall change states from NOMINAL to FAULT when limits are exceeded.,!limits U (limits & F(state_is_FAULT)),G(limits -> F state_is_FAULT),False
ARTEMIS,1,The sensor shall change states from NOMINAL to FAULT when limits are exceeded.,!limits U (limits & F(state_is_FAULT)),G(limits -> X state_is_FAULT),False
ARTEMIS,1,The sensor shall change states from NOMINAL to FAULT when limits are exceeded.,!limits U (limits & F(state_is_FAULT)),G(limits -> F state_is_FAULT),False
ARTEMIS,1,The sensor shall change states from NOMINAL to FAULT when limits are exceeded.,!limits U (limits & F(state_is_FAULT)),G(limits -> F state_is_FAULT),False
ARTEMIS,1,The sensor shall change states from NOMINAL to FAULT when limits are exceeded.,!limits U (limits & F(state_is_FAULT)),G(limits -> X state_is_FAULT),False
ARTEMIS,1,The sensor shall change states from NOMINAL to FAULT when limits are exceeded.,!limits U (limits & F(state_is_FAULT)),G(limits -> F state_is_FAULT),False
ARTEMIS,1,The sensor shall change states from NOMINAL to FAULT when limits are exceeded.,!limits U (limits & F(state_is_FAULT)),G(limits -> F state_is_FAULT),False
ARTEMIS,1,The sensor shall change states from NOMINAL to FAULT when limits are exceeded.,!limits U (limits & F(state_is_FAULT)),G(limits -> F state_is_FAULT),False
ARTEMIS,1,The sensor shall change states from NOMINAL to FAULT when limits are exceeded.,!limits U (limits & F(state_is_FAULT)),G(limits -> F state_is_FAULT),False
ARTEMIS,1,The sensor shall change states from NOMINAL to FAULT when limits are exceeded.,!limits U (limits & F(state_is_FAULT)),G(limits -> F state_is_FAULT),False
ARTEMIS,1,The sensor shall change states from NOMINAL to FAULT when limits are exceeded.,!limits U (limits & F(state_is_FAULT)),G(limits -> F state_is_FAULT),False
ARTEMIS,1,The sensor shall change states from NOMINAL to FAULT when limits are exceeded.,!limits U (limits & F(state_is_FAULT)),G(limits -> X state_is_FAULT),False
ARTEMIS,1,The sensor shall change states from NOMINAL to FAULT when limits are exceeded.,!limits U (limits & F(state_is_FAULT)),G(limits -> F state_is_FAULT),False
ARTEMIS,1,The sensor shall change states from NOMINAL to FAULT when limits are exceeded.,!limits U (limits & F(state_is_FAULT)),G(limits -> F state_is_FAULT),False
ARTEMIS,1,The sensor shall change states from NOMINAL to FAULT when limits are exceeded.,!limits U (limits & F(state_is_FAULT)),G(limits -> X state_is_FAULT),False
ARTEMIS,1,The sensor shall change states from NOMINAL to FAULT when limits are exceeded.,!limits U (limits & F(state_is_FAULT)),G(limits -> F state_is_FAULT),False
ARTEMIS,1,The sensor shall change states from NOMINAL to FAULT when limits are exceeded.,!limits U (limits & F(state_is_FAULT)),G(limits -> F state_is_FAULT),False
ARTEMIS,1,The sensor shall change states from NOMINAL to FAULT when limits are exceeded.,!limits U (limits & F(state_is_FAULT)),G(limits -> F state_is_FAULT),False
ARTEMIS,3,The sensor shall change states from FAULT to TRANSITION when the autopilot is not requesting support (not request) and limits are not exceeded (not limits).,G(!request & !limits -> X(state_is_TRANSITION)),G((state_is_FAULT & !request & !limits) -> X state_is_TRANSITION),False
ARTEMIS,3,The sensor shall change states from FAULT to TRANSITION when the autopilot is not requesting support (not request) and limits are not exceeded (not limits).,G(!request & !limits -> X(state_is_TRANSITION)),G((!request & !limits) -> X state_is_TRANSITION),True
ARTEMIS,3,The sensor shall change states from FAULT to TRANSITION when the autopilot is not requesting support (not request) and limits are not exceeded (not limits).,G(!request & !limits -> X(state_is_TRANSITION)),G((!request & !limits) -> X state_is_TRANSITION),True
ARTEMIS,3,The sensor shall change states from FAULT to TRANSITION when the autopilot is not requesting support (not request) and limits are not exceeded (not limits).,G(!request & !limits -> X(state_is_TRANSITION)),G((!request & !limits) -> X state_is_TRANSITION),True
ARTEMIS,3,The sensor shall change states from FAULT to TRANSITION when the autopilot is not requesting support (not request) and limits are not exceeded (not limits).,G(!request & !limits -> X(state_is_TRANSITION)),G((state_is_FAULT & !request & !limits) -> X state_is_TRANSITION),False
ARTEMIS,3,The sensor shall change states from FAULT to TRANSITION when the autopilot is not requesting support (not request) and limits are not exceeded (not limits).,G(!request & !limits -> X(state_is_TRANSITION)),G((state_is_FAULT & !request & !limits) -> X state_is_TRANSITION),False
ARTEMIS,3,The sensor shall change states from FAULT to TRANSITION when the autopilot is not requesting support (not request) and limits are not exceeded (not limits).,G(!request & !limits -> X(state_is_TRANSITION)),G((state_is_FAULT & !request & !limits) -> X state_is_TRANSITION),False
ARTEMIS,3,The sensor shall change states from FAULT to TRANSITION when the autopilot is not requesting support (not request) and limits are not exceeded (not limits).,G(!request & !limits -> X(state_is_TRANSITION)),G((!request & !limits) -> X state_is_TRANSITION),True
ARTEMIS,3,The sensor shall change states from FAULT to TRANSITION when the autopilot is not requesting support (not request) and limits are not exceeded (not limits).,G(!request & !limits -> X(state_is_TRANSITION)),G((!request & !limits) -> X state_is_TRANSITION),True
ARTEMIS,3,The sensor shall change states from FAULT to TRANSITION when the autopilot is not requesting support (not request) and limits are not exceeded (not limits).,G(!request & !limits -> X(state_is_TRANSITION)),G((!request & !limits) -> X state_is_TRANSITION),True
ARTEMIS,3,The sensor shall change states from FAULT to TRANSITION when the autopilot is not requesting support (not request) and limits are not exceeded (not limits).,G(!request & !limits -> X(state_is_TRANSITION)),G((state_is_FAULT & !request & !limits) -> X state_is_TRANSITION),False
ARTEMIS,3,The sensor shall change states from FAULT to TRANSITION when the autopilot is not requesting support (not request) and limits are not exceeded (not limits).,G(!request & !limits -> X(state_is_TRANSITION)),G((state_is_FAULT & !request & !limits) -> X state_is_TRANSITION),False
ARTEMIS,3,The sensor shall change states from FAULT to TRANSITION when the autopilot is not requesting support (not request) and limits are not exceeded (not limits).,G(!request & !limits -> X(state_is_TRANSITION)),G((state_is_FAULT & !request & !limits) -> X state_is_TRANSITION),False
ARTEMIS,3,The sensor shall change states from FAULT to TRANSITION when the autopilot is not requesting support (not request) and limits are not exceeded (not limits).,G(!request & !limits -> X(state_is_TRANSITION)),G((state_is_FAULT & !request & !limits) -> X state_is_TRANSITION),False
ARTEMIS,3,The sensor shall change states from FAULT to TRANSITION when the autopilot is not requesting support (not request) and limits are not exceeded (not limits).,G(!request & !limits -> X(state_is_TRANSITION)),G((state_is_FAULT & !request & !limits) -> X state_is_TRANSITION),False
ARTEMIS,3,The sensor shall change states from FAULT to TRANSITION when the autopilot is not requesting support (not request) and limits are not exceeded (not limits).,G(!request & !limits -> X(state_is_TRANSITION)),G((state_is_FAULT & !request & !limits) -> X state_is_TRANSITION),False
ARTEMIS,3,The sensor shall change states from FAULT to TRANSITION when the autopilot is not requesting support (not request) and limits are not exceeded (not limits).,G(!request & !limits -> X(state_is_TRANSITION)),G((!request & !limits) -> X state_is_TRANSITION),True
ARTEMIS,3,The sensor shall change states from FAULT to TRANSITION when the autopilot is not requesting support (not request) and limits are not exceeded (not limits).,G(!request & !limits -> X(state_is_TRANSITION)),G((state_is_FAULT & !request & !limits) -> X state_is_TRANSITION),False
ARTEMIS,3,The sensor shall change states from FAULT to TRANSITION when the autopilot is not requesting support (not request) and limits are not exceeded (not limits).,G(!request & !limits -> X(state_is_TRANSITION)),G((!request & !limits) -> X state_is_TRANSITION),True
ARTEMIS,3,The sensor shall change states from FAULT to TRANSITION when the autopilot is not requesting support (not request) and limits are not exceeded (not limits).,G(!request & !limits -> X(state_is_TRANSITION)),G((state_is_FAULT & !request & !limits) -> X state_is_TRANSITION),False
ARTEMIS,3,The sensor shall change states from FAULT to TRANSITION when the autopilot is not requesting support (not request) and limits are not exceeded (not limits).,G(!request & !limits -> X(state_is_TRANSITION)),G((state_is_FAULT & !request & !limits) -> X state_is_TRANSITION),False
ARTEMIS,3,The sensor shall change states from FAULT to TRANSITION when the autopilot is not requesting support (not request) and limits are not exceeded (not limits).,G(!request & !limits -> X(state_is_TRANSITION)),G((state_is_FAULT & !request & !limits) -> X state_is_TRANSITION),False
ARTEMIS,3,The sensor shall change states from FAULT to TRANSITION when the autopilot is not requesting support (not request) and limits are not exceeded (not limits).,G(!request & !limits -> X(state_is_TRANSITION)),G((state_is_FAULT & !request & !limits) -> X state_is_TRANSITION),False
ARTEMIS,3,The sensor shall change states from FAULT to TRANSITION when the autopilot is not requesting support (not request) and limits are not exceeded (not limits).,G(!request & !limits -> X(state_is_TRANSITION)),G((!request & !limits) -> X state_is_TRANSITION),True
ARTEMIS,3,The sensor shall change states from FAULT to TRANSITION when the autopilot is not requesting support (not request) and limits are not exceeded (not limits).,G(!request & !limits -> X(state_is_TRANSITION)),G((!request & !limits) -> X state_is_TRANSITION),True
ARTEMIS,3,The sensor shall change states from FAULT to TRANSITION when the autopilot is not requesting support (not request) and limits are not exceeded (not limits).,G(!request & !limits -> X(state_is_TRANSITION)),G((!request & !limits) -> X state_is_TRANSITION),True
ARTEMIS,3,The sensor shall change states from FAULT to TRANSITION when the autopilot is not requesting support (not request) and limits are not exceeded (not limits).,G(!request & !limits -> X(state_is_TRANSITION)),G((state_is_FAULT & !request & !limits) -> X state_is_TRANSITION),False
ARTEMIS,3,The sensor shall change states from FAULT to TRANSITION when the autopilot is not requesting support (not request) and limits are not exceeded (not limits).,G(!request & !limits -> X(state_is_TRANSITION)),G((!request & !limits) -> X state_is_TRANSITION),True
ARTEMIS,3,The sensor shall change states from FAULT to TRANSITION when the autopilot is not requesting support (not request) and limits are not exceeded (not limits).,G(!request & !limits -> X(state_is_TRANSITION)),G((!request & !limits) -> X state_is_TRANSITION),True
ARTEMIS,3,The sensor shall change states from FAULT to TRANSITION when the autopilot is not requesting support (not request) and limits are not exceeded (not limits).,G(!request & !limits -> X(state_is_TRANSITION)),G((state_is_FAULT & !request & !limits) -> X state_is_TRANSITION),False
ARTEMIS,3,The sensor shall change states from FAULT to TRANSITION when the autopilot is not requesting support (not request) and limits are not exceeded (not limits).,G(!request & !limits -> X(state_is_TRANSITION)),G((state_is_FAULT & !request & !limits) -> X state_is_TRANSITION),False
ARTEMIS,3,The sensor shall change states from FAULT to TRANSITION when the autopilot is not requesting support (not request) and limits are not exceeded (not limits).,G(!request & !limits -> X(state_is_TRANSITION)),G((state_is_FAULT & !request & !limits) -> X state_is_TRANSITION),False
ARTEMIS,3,The sensor shall change states from FAULT to TRANSITION when the autopilot is not requesting support (not request) and limits are not exceeded (not limits).,G(!request & !limits -> X(state_is_TRANSITION)),G((!request & !limits) -> X state_is_TRANSITION),True
ARTEMIS,3,The sensor shall change states from FAULT to TRANSITION when the autopilot is not requesting support (not request) and limits are not exceeded (not limits).,G(!request & !limits -> X(state_is_TRANSITION)),G((state_is_FAULT & !request & !limits) -> X state_is_TRANSITION),False
ARTEMIS,3,The sensor shall change states from FAULT to TRANSITION when the autopilot is not requesting support (not request) and limits are not exceeded (not limits).,G(!request & !limits -> X(state_is_TRANSITION)),G((state_is_FAULT & !request & !limits) -> X state_is_TRANSITION),False
ARTEMIS,3,The sensor shall change states from FAULT to TRANSITION when the autopilot is not requesting support (not request) and limits are not exceeded (not limits).,G(!request & !limits -> X(state_is_TRANSITION)),G((state_is_FAULT & !request & !limits) -> X state_is_TRANSITION),False
ARTEMIS,3,The sensor shall change states from FAULT to TRANSITION when the autopilot is not requesting support (not request) and limits are not exceeded (not limits).,G(!request & !limits -> X(state_is_TRANSITION)),G((!request & !limits) -> X state_is_TRANSITION),True
ARTEMIS,3,The sensor shall change states from FAULT to TRANSITION when the autopilot is not requesting support (not request) and limits are not exceeded (not limits).,G(!request & !limits -> X(state_is_TRANSITION)),G((state_is_FAULT & !request & !limits) -> X state_is_TRANSITION),False
ARTEMIS,3,The sensor shall change states from FAULT to TRANSITION when the autopilot is not requesting support (not request) and limits are not exceeded (not limits).,G(!request & !limits -> X(state_is_TRANSITION)),G((state_is_FAULT & !request & !limits) -> X state_is_TRANSITION),False
ARTEMIS,3,The sensor shall change states from FAULT to TRANSITION when the autopilot is not requesting support (not request) and limits are not exceeded (not limits).,G(!request & !limits -> X(state_is_TRANSITION)),G((state_is_FAULT & !request & !limits) -> X state_is_TRANSITION),False
ARTEMIS,3,The sensor shall change states from FAULT to TRANSITION when the autopilot is not requesting support (not request) and limits are not exceeded (not limits).,G(!request & !limits -> X(state_is_TRANSITION)),G((!request & !limits) -> X state_is_TRANSITION),True
ARTEMIS,3,The sensor shall change states from FAULT to TRANSITION when the autopilot is not requesting support (not request) and limits are not exceeded (not limits).,G(!request & !limits -> X(state_is_TRANSITION)),G((!request & !limits) -> X state_is_TRANSITION),True
ARTEMIS,3,The sensor shall change states from FAULT to TRANSITION when the autopilot is not requesting support (not request) and limits are not exceeded (not limits).,G(!request & !limits -> X(state_is_TRANSITION)),G((state_is_FAULT & !request & !limits) -> X state_is_TRANSITION),False
ARTEMIS,3,The sensor shall change states from FAULT to TRANSITION when the autopilot is not requesting support (not request) and limits are not exceeded (not limits).,G(!request & !limits -> X(state_is_TRANSITION)),G((state_is_FAULT & !request & !limits) -> X state_is_TRANSITION),False
ARTEMIS,3,The sensor shall change states from FAULT to TRANSITION when the autopilot is not requesting support (not request) and limits are not exceeded (not limits).,G(!request & !limits -> X(state_is_TRANSITION)),G((state_is_FAULT & !request & !limits) -> X state_is_TRANSITION),False
ARTEMIS,3,The sensor shall change states from FAULT to TRANSITION when the autopilot is not requesting support (not request) and limits are not exceeded (not limits).,G(!request & !limits -> X(state_is_TRANSITION)),G((!request & !limits) -> X state_is_TRANSITION),True
ARTEMIS,3,The sensor shall change states from FAULT to TRANSITION when the autopilot is not requesting support (not request) and limits are not exceeded (not limits).,G(!request & !limits -> X(state_is_TRANSITION)),G((state_is_FAULT & !request & !limits) -> X state_is_TRANSITION),False
ARTEMIS,3,The sensor shall change states from FAULT to TRANSITION when the autopilot is not requesting support (not request) and limits are not exceeded (not limits).,G(!request & !limits -> X(state_is_TRANSITION)),G((state_is_FAULT & !request & !limits) -> X state_is_TRANSITION),False
ARTEMIS,3,The sensor shall change states from FAULT to TRANSITION when the autopilot is not requesting support (not request) and limits are not exceeded (not limits).,G(!request & !limits -> X(state_is_TRANSITION)),G((!request & !limits) -> X state_is_TRANSITION),True
ARTEMIS,3,The sensor shall change states from FAULT to TRANSITION when the autopilot is not requesting support (not request) and limits are not exceeded (not limits).,G(!request & !limits -> X(state_is_TRANSITION)),G((state_is_FAULT & !request & !limits) -> X state_is_TRANSITION),False
ARTEMIS,3,The sensor shall change states from FAULT to TRANSITION when the autopilot is not requesting support (not request) and limits are not exceeded (not limits).,G(!request & !limits -> X(state_is_TRANSITION)),G((state_is_FAULT & !request & !limits) -> X state_is_TRANSITION),False
ARTEMIS,3,The sensor shall change states from FAULT to TRANSITION when the autopilot is not requesting support (not request) and limits are not exceeded (not limits).,G(!request & !limits -> X(state_is_TRANSITION)),G((!request & !limits) -> X state_is_TRANSITION),True
ARTEMIS,3,The sensor shall change states from FAULT to TRANSITION when the autopilot is not requesting support (not request) and limits are not exceeded (not limits).,G(!request & !limits -> X(state_is_TRANSITION)),G((!request & !limits) -> X state_is_TRANSITION),True
ARTEMIS,3,The sensor shall change states from FAULT to TRANSITION when the autopilot is not requesting support (not request) and limits are not exceeded (not limits).,G(!request & !limits -> X(state_is_TRANSITION)),G((!request & !limits) -> X state_is_TRANSITION),True
ARTEMIS,3,The sensor shall change states from FAULT to TRANSITION when the autopilot is not requesting support (not request) and limits are not exceeded (not limits).,G(!request & !limits -> X(state_is_TRANSITION)),G((state_is_FAULT & !request & !limits) -> X state_is_TRANSITION),False
ARTEMIS,3,The sensor shall change states from FAULT to TRANSITION when the autopilot is not requesting support (not request) and limits are not exceeded (not limits).,G(!request & !limits -> X(state_is_TRANSITION)),G((state_is_FAULT & !request & !limits) -> X state_is_TRANSITION),False
ARTEMIS,3,The sensor shall change states from FAULT to TRANSITION when the autopilot is not requesting support (not request) and limits are not exceeded (not limits).,G(!request & !limits -> X(state_is_TRANSITION)),G((!request & !limits) -> X state_is_TRANSITION),True
ARTEMIS,3,The sensor shall change states from FAULT to TRANSITION when the autopilot is not requesting support (not request) and limits are not exceeded (not limits).,G(!request & !limits -> X(state_is_TRANSITION)),G((!request & !limits) -> X state_is_TRANSITION),True
ARTEMIS,3,The sensor shall change states from FAULT to TRANSITION when the autopilot is not requesting support (not request) and limits are not exceeded (not limits).,G(!request & !limits -> X(state_is_TRANSITION)),G((state_is_FAULT & !request & !limits) -> X state_is_TRANSITION),False
ARTEMIS,3,The sensor shall change states from FAULT to TRANSITION when the autopilot is not requesting support (not request) and limits are not exceeded (not limits).,G(!request & !limits -> X(state_is_TRANSITION)),G((state_is_FAULT & !request & !limits) -> X state_is_TRANSITION),False
ARTEMIS,3,The sensor shall change states from FAULT to TRANSITION when the autopilot is not requesting support (not request) and limits are not exceeded (not limits).,G(!request & !limits -> X(state_is_TRANSITION)),G((!request & !limits) -> X state_is_TRANSITION),True
ARTEMIS,3,The sensor shall change states from FAULT to TRANSITION when the autopilot is not requesting support (not request) and limits are not exceeded (not limits).,G(!request & !limits -> X(state_is_TRANSITION)),G((state_is_FAULT & !request & !limits) -> X state_is_TRANSITION),False
ARTEMIS,3,The sensor shall change states from FAULT to TRANSITION when the autopilot is not requesting support (not request) and limits are not exceeded (not limits).,G(!request & !limits -> X(state_is_TRANSITION)),G((state_is_FAULT & !request & !limits) -> X state_is_TRANSITION),False
ARTEMIS,3,The sensor shall change states from FAULT to TRANSITION when the autopilot is not requesting support (not request) and limits are not exceeded (not limits).,G(!request & !limits -> X(state_is_TRANSITION)),G((!request & !limits) -> X state_is_TRANSITION),True
ARTEMIS,3,The sensor shall change states from FAULT to TRANSITION when the autopilot is not requesting support (not request) and limits are not exceeded (not limits).,G(!request & !limits -> X(state_is_TRANSITION)),G((state_is_FAULT & !request & !limits) -> X state_is_TRANSITION),False
ARTEMIS,3,The sensor shall change states from FAULT to TRANSITION when the autopilot is not requesting support (not request) and limits are not exceeded (not limits).,G(!request & !limits -> X(state_is_TRANSITION)),G((!request & !limits) -> X state_is_TRANSITION),True
ARTEMIS,3,The sensor shall change states from FAULT to TRANSITION when the autopilot is not requesting support (not request) and limits are not exceeded (not limits).,G(!request & !limits -> X(state_is_TRANSITION)),G((!request & !limits) -> X state_is_TRANSITION),True
ARTEMIS,3,The sensor shall change states from FAULT to TRANSITION when the autopilot is not requesting support (not request) and limits are not exceeded (not limits).,G(!request & !limits -> X(state_is_TRANSITION)),G((!request & !limits) -> X state_is_TRANSITION),True
ARTEMIS,3,The sensor shall change states from FAULT to TRANSITION when the autopilot is not requesting support (not request) and limits are not exceeded (not limits).,G(!request & !limits -> X(state_is_TRANSITION)),G((!request & !limits) -> X state_is_TRANSITION),True
ARTEMIS,3,The sensor shall change states from FAULT to TRANSITION when the autopilot is not requesting support (not request) and limits are not exceeded (not limits).,G(!request & !limits -> X(state_is_TRANSITION)),G((!request & !limits) -> X state_is_TRANSITION),True
ARTEMIS,3,The sensor shall change states from FAULT to TRANSITION when the autopilot is not requesting support (not request) and limits are not exceeded (not limits).,G(!request & !limits -> X(state_is_TRANSITION)),G((state_is_FAULT & !request & !limits) -> X state_is_TRANSITION),False
ARTEMIS,3,The sensor shall change states from FAULT to TRANSITION when the autopilot is not requesting support (not request) and limits are not exceeded (not limits).,G(!request & !limits -> X(state_is_TRANSITION)),G((!request & !limits) -> X state_is_TRANSITION),True
ARTEMIS,3,The sensor shall change states from FAULT to TRANSITION when the autopilot is not requesting support (not request) and limits are not exceeded (not limits).,G(!request & !limits -> X(state_is_TRANSITION)),G((state_is_FAULT & !request & !limits) -> X state_is_TRANSITION),False
ARTEMIS,3,The sensor shall change states from FAULT to TRANSITION when the autopilot is not requesting support (not request) and limits are not exceeded (not limits).,G(!request & !limits -> X(state_is_TRANSITION)),G((state_is_FAULT & !request & !limits) -> X state_is_TRANSITION),False
ARTEMIS,3,The sensor shall change states from FAULT to TRANSITION when the autopilot is not requesting support (not request) and limits are not exceeded (not limits).,G(!request & !limits -> X(state_is_TRANSITION)),G((!request & !limits) -> X state_is_TRANSITION),True
ARTEMIS,3,The sensor shall change states from FAULT to TRANSITION when the autopilot is not requesting support (not request) and limits are not exceeded (not limits).,G(!request & !limits -> X(state_is_TRANSITION)),G((state_is_FAULT & !request & !limits) -> X state_is_TRANSITION),False
ARTEMIS,3,The sensor shall change states from FAULT to TRANSITION when the autopilot is not requesting support (not request) and limits are not exceeded (not limits).,G(!request & !limits -> X(state_is_TRANSITION)),G((!request & !limits) -> X state_is_TRANSITION),True
ARTEMIS,3,The sensor shall change states from FAULT to TRANSITION when the autopilot is not requesting support (not request) and limits are not exceeded (not limits).,G(!request & !limits -> X(state_is_TRANSITION)),G((!request & !limits) -> X state_is_TRANSITION),True
ARTEMIS,3,The sensor shall change states from FAULT to TRANSITION when the autopilot is not requesting support (not request) and limits are not exceeded (not limits).,G(!request & !limits -> X(state_is_TRANSITION)),G((!request & !limits) -> X state_is_TRANSITION),True
ARTEMIS,3,The sensor shall change states from FAULT to TRANSITION when the autopilot is not requesting support (not request) and limits are not exceeded (not limits).,G(!request & !limits -> X(state_is_TRANSITION)),G((!request & !limits) -> X state_is_TRANSITION),True
ARTEMIS,3,The sensor shall change states from FAULT to TRANSITION when the autopilot is not requesting support (not request) and limits are not exceeded (not limits).,G(!request & !limits -> X(state_is_TRANSITION)),G((!request & !limits) -> X state_is_TRANSITION),True
ARTEMIS,3,The sensor shall change states from FAULT to TRANSITION when the autopilot is not requesting support (not request) and limits are not exceeded (not limits).,G(!request & !limits -> X(state_is_TRANSITION)),G((state_is_FAULT & !request & !limits) -> X state_is_TRANSITION),False
ARTEMIS,3,The sensor shall change states from FAULT to TRANSITION when the autopilot is not requesting support (not request) and limits are not exceeded (not limits).,G(!request & !limits -> X(state_is_TRANSITION)),G((!request & !limits) -> X state_is_TRANSITION),True
ARTEMIS,3,The sensor shall change states from FAULT to TRANSITION when the autopilot is not requesting support (not request) and limits are not exceeded (not limits).,G(!request & !limits -> X(state_is_TRANSITION)),G((state_is_FAULT & !request & !limits) -> X state_is_TRANSITION),False
ARTEMIS,3,The sensor shall change states from FAULT to TRANSITION when the autopilot is not requesting support (not request) and limits are not exceeded (not limits).,G(!request & !limits -> X(state_is_TRANSITION)),G((state_is_FAULT & !request & !limits) -> X state_is_TRANSITION),False
ARTEMIS,3,The sensor shall change states from FAULT to TRANSITION when the autopilot is not requesting support (not request) and limits are not exceeded (not limits).,G(!request & !limits -> X(state_is_TRANSITION)),G((!request & !limits) -> X state_is_TRANSITION),True
ARTEMIS,3,The sensor shall change states from FAULT to TRANSITION when the autopilot is not requesting support (not request) and limits are not exceeded (not limits).,G(!request & !limits -> X(state_is_TRANSITION)),G((state_is_FAULT & !request & !limits) -> X state_is_TRANSITION),False
ARTEMIS,3,The sensor shall change states from FAULT to TRANSITION when the autopilot is not requesting support (not request) and limits are not exceeded (not limits).,G(!request & !limits -> X(state_is_TRANSITION)),G((!request & !limits) -> X state_is_TRANSITION),True
ARTEMIS,3,The sensor shall change states from FAULT to TRANSITION when the autopilot is not requesting support (not request) and limits are not exceeded (not limits).,G(!request & !limits -> X(state_is_TRANSITION)),G((!request & !limits) -> X state_is_TRANSITION),True
ARTEMIS,3,The sensor shall change states from FAULT to TRANSITION when the autopilot is not requesting support (not request) and limits are not exceeded (not limits).,G(!request & !limits -> X(state_is_TRANSITION)),G((state_is_FAULT & !request & !limits) -> X state_is_TRANSITION),False
ARTEMIS,3,The sensor shall change states from FAULT to TRANSITION when the autopilot is not requesting support (not request) and limits are not exceeded (not limits).,G(!request & !limits -> X(state_is_TRANSITION)),G((!request & !limits) -> X state_is_TRANSITION),True
ARTEMIS,3,The sensor shall change states from FAULT to TRANSITION when the autopilot is not requesting support (not request) and limits are not exceeded (not limits).,G(!request & !limits -> X(state_is_TRANSITION)),G((!request & !limits) -> X state_is_TRANSITION),True
ARTEMIS,3,The sensor shall change states from FAULT to TRANSITION when the autopilot is not requesting support (not request) and limits are not exceeded (not limits).,G(!request & !limits -> X(state_is_TRANSITION)),G((!request & !limits) -> X state_is_TRANSITION),True
ARTEMIS,3,The sensor shall change states from FAULT to TRANSITION when the autopilot is not requesting support (not request) and limits are not exceeded (not limits).,G(!request & !limits -> X(state_is_TRANSITION)),G((state_is_FAULT & !request & !limits) -> X state_is_TRANSITION),False
ARTEMIS,3,The sensor shall change states from FAULT to TRANSITION when the autopilot is not requesting support (not request) and limits are not exceeded (not limits).,G(!request & !limits -> X(state_is_TRANSITION)),G((state_is_FAULT & !request & !limits) -> X state_is_TRANSITION),False
ARTEMIS,3,The sensor shall change states from FAULT to TRANSITION when the autopilot is not requesting support (not request) and limits are not exceeded (not limits).,G(!request & !limits -> X(state_is_TRANSITION)),G((state_is_FAULT & !request & !limits) -> X state_is_TRANSITION),False
ARTEMIS,3,The sensor shall change states from FAULT to TRANSITION when the autopilot is not requesting support (not request) and limits are not exceeded (not limits).,G(!request & !limits -> X(state_is_TRANSITION)),G((!request & !limits) -> X state_is_TRANSITION),True
ARTEMIS,3,The sensor shall change states from FAULT to TRANSITION when the autopilot is not requesting support (not request) and limits are not exceeded (not limits).,G(!request & !limits -> X(state_is_TRANSITION)),G((state_is_FAULT & !request & !limits) -> X state_is_TRANSITION),False
ARTEMIS,3,The sensor shall change states from FAULT to TRANSITION when the autopilot is not requesting support (not request) and limits are not exceeded (not limits).,G(!request & !limits -> X(state_is_TRANSITION)),G((state_is_FAULT & !request & !limits) -> X state_is_TRANSITION),False
ARTEMIS,3,The sensor shall change states from FAULT to TRANSITION when the autopilot is not requesting support (not request) and limits are not exceeded (not limits).,G(!request & !limits -> X(state_is_TRANSITION)),G((state_is_FAULT & !request & !limits) -> X state_is_TRANSITION),False
ARTEMIS,28,"PCV Mode: At the end of an inspiration phase, if the Inspiratory Pause is set by the GUI, an Inspiratory Pause shall start (see CONT.41).",!(inspiratoryPhaseEnd) U ((inspiratoryPhaseEnd) & G((PCVMode & inspiratoryPauseButton) -> X((inValveClose & outValveClose)))),G((PCVMode & inspiratoryPhaseEnd & inspiratoryPauseButton) -> F(inValveClose & outValveClose)),False
ARTEMIS,28,"PCV Mode: At the end of an inspiration phase, if the Inspiratory Pause is set by the GUI, an Inspiratory Pause shall start (see CONT.41).",!(inspiratoryPhaseEnd) U ((inspiratoryPhaseEnd) & G((PCVMode & inspiratoryPauseButton) -> X((inValveClose & outValveClose)))),G((PCVMode & inspiratoryPhaseEnd & inspiratoryPauseButton) -> F(inValveClose & outValveClose)),False
ARTEMIS,28,"PCV Mode: At the end of an inspiration phase, if the Inspiratory Pause is set by the GUI, an Inspiratory Pause shall start (see CONT.41).",!(inspiratoryPhaseEnd) U ((inspiratoryPhaseEnd) & G((PCVMode & inspiratoryPauseButton) -> X((inValveClose & outValveClose)))),G((PCVMode & inspiratoryPhaseEnd & inspiratoryPauseButton) -> F(inValveClose & outValveClose)),False
ARTEMIS,28,"PCV Mode: At the end of an inspiration phase, if the Inspiratory Pause is set by the GUI, an Inspiratory Pause shall start (see CONT.41).",!(inspiratoryPhaseEnd) U ((inspiratoryPhaseEnd) & G((PCVMode & inspiratoryPauseButton) -> X((inValveClose & outValveClose)))),G((PCVMode & inspiratoryPhaseEnd & inspiratoryPauseButton) -> F(inValveClose & outValveClose)),False
ARTEMIS,28,"PCV Mode: At the end of an inspiration phase, if the Inspiratory Pause is set by the GUI, an Inspiratory Pause shall start (see CONT.41).",!(inspiratoryPhaseEnd) U ((inspiratoryPhaseEnd) & G((PCVMode & inspiratoryPauseButton) -> X((inValveClose & outValveClose)))),G((PCVMode & inspiratoryPhaseEnd & inspiratoryPauseButton) -> F(inValveClose & outValveClose)),False
ARTEMIS,28,"PCV Mode: At the end of an inspiration phase, if the Inspiratory Pause is set by the GUI, an Inspiratory Pause shall start (see CONT.41).",!(inspiratoryPhaseEnd) U ((inspiratoryPhaseEnd) & G((PCVMode & inspiratoryPauseButton) -> X((inValveClose & outValveClose)))),G((PCVMode & inspiratoryPhaseEnd & inspiratoryPauseButton) -> F(inValveClose & outValveClose)),False
ARTEMIS,28,"PCV Mode: At the end of an inspiration phase, if the Inspiratory Pause is set by the GUI, an Inspiratory Pause shall start (see CONT.41).",!(inspiratoryPhaseEnd) U ((inspiratoryPhaseEnd) & G((PCVMode & inspiratoryPauseButton) -> X((inValveClose & outValveClose)))),G((PCVMode & inspiratoryPhaseEnd & inspiratoryPauseButton) -> F(inValveClose & outValveClose)),False
ARTEMIS,28,"PCV Mode: At the end of an inspiration phase, if the Inspiratory Pause is set by the GUI, an Inspiratory Pause shall start (see CONT.41).",!(inspiratoryPhaseEnd) U ((inspiratoryPhaseEnd) & G((PCVMode & inspiratoryPauseButton) -> X((inValveClose & outValveClose)))),G((PCVMode & inspiratoryPhaseEnd & inspiratoryPauseButton) -> F(inValveClose & outValveClose)),False
ARTEMIS,28,"PCV Mode: At the end of an inspiration phase, if the Inspiratory Pause is set by the GUI, an Inspiratory Pause shall start (see CONT.41).",!(inspiratoryPhaseEnd) U ((inspiratoryPhaseEnd) & G((PCVMode & inspiratoryPauseButton) -> X((inValveClose & outValveClose)))),G((PCVMode & inspiratoryPhaseEnd & inspiratoryPauseButton) -> F(inValveClose & outValveClose)),False
ARTEMIS,28,"PCV Mode: At the end of an inspiration phase, if the Inspiratory Pause is set by the GUI, an Inspiratory Pause shall start (see CONT.41).",!(inspiratoryPhaseEnd) U ((inspiratoryPhaseEnd) & G((PCVMode & inspiratoryPauseButton) -> X((inValveClose & outValveClose)))),G((PCVMode & inspiratoryPhaseEnd & inspiratoryPauseButton) -> F(inValveClose & outValveClose)),False
ARTEMIS,28,"PCV Mode: At the end of an inspiration phase, if the Inspiratory Pause is set by the GUI, an Inspiratory Pause shall start (see CONT.41).",!(inspiratoryPhaseEnd) U ((inspiratoryPhaseEnd) & G((PCVMode & inspiratoryPauseButton) -> X((inValveClose & outValveClose)))),G((PCVMode & inspiratoryPhaseEnd & inspiratoryPauseButton) -> F(inValveClose & outValveClose)),False
ARTEMIS,28,"PCV Mode: At the end of an inspiration phase, if the Inspiratory Pause is set by the GUI, an Inspiratory Pause shall start (see CONT.41).",!(inspiratoryPhaseEnd) U ((inspiratoryPhaseEnd) & G((PCVMode & inspiratoryPauseButton) -> X((inValveClose & outValveClose)))),G((PCVMode & inspiratoryPhaseEnd & inspiratoryPauseButton) -> F(inValveClose & outValveClose)),False
ARTEMIS,28,"PCV Mode: At the end of an inspiration phase, if the Inspiratory Pause is set by the GUI, an Inspiratory Pause shall start (see CONT.41).",!(inspiratoryPhaseEnd) U ((inspiratoryPhaseEnd) & G((PCVMode & inspiratoryPauseButton) -> X((inValveClose & outValveClose)))),G((PCVMode & inspiratoryPhaseEnd & inspiratoryPauseButton) -> F(inValveClose & outValveClose)),False
ARTEMIS,28,"PCV Mode: At the end of an inspiration phase, if the Inspiratory Pause is set by the GUI, an Inspiratory Pause shall start (see CONT.41).",!(inspiratoryPhaseEnd) U ((inspiratoryPhaseEnd) & G((PCVMode & inspiratoryPauseButton) -> X((inValveClose & outValveClose)))),G((PCVMode & inspiratoryPhaseEnd & inspiratoryPauseButton) -> F(inValveClose & outValveClose)),False
ARTEMIS,28,"PCV Mode: At the end of an inspiration phase, if the Inspiratory Pause is set by the GUI, an Inspiratory Pause shall start (see CONT.41).",!(inspiratoryPhaseEnd) U ((inspiratoryPhaseEnd) & G((PCVMode & inspiratoryPauseButton) -> X((inValveClose & outValveClose)))),G((PCVMode & inspiratoryPhaseEnd & inspiratoryPauseButton) -> F inspiratoryPauseStart),False
ARTEMIS,28,"PCV Mode: At the end of an inspiration phase, if the Inspiratory Pause is set by the GUI, an Inspiratory Pause shall start (see CONT.41).",!(inspiratoryPhaseEnd) U ((inspiratoryPhaseEnd) & G((PCVMode & inspiratoryPauseButton) -> X((inValveClose & outValveClose)))),G((PCVMode & inspiratoryPhaseEnd & inspiratoryPauseButton) -> F(inValveClose & outValveClose)),False
ARTEMIS,28,"PCV Mode: At the end of an inspiration phase, if the Inspiratory Pause is set by the GUI, an Inspiratory Pause shall start (see CONT.41).",!(inspiratoryPhaseEnd) U ((inspiratoryPhaseEnd) & G((PCVMode & inspiratoryPauseButton) -> X((inValveClose & outValveClose)))),G((PCVMode & inspiratoryPhaseEnd & inspiratoryPauseButton) -> F inspiratoryPauseStart),False
ARTEMIS,28,"PCV Mode: At the end of an inspiration phase, if the Inspiratory Pause is set by the GUI, an Inspiratory Pause shall start (see CONT.41).",!(inspiratoryPhaseEnd) U ((inspiratoryPhaseEnd) & G((PCVMode & inspiratoryPauseButton) -> X((inValveClose & outValveClose)))),G((PCVMode & inspiratoryPhaseEnd & inspiratoryPauseButton) -> F(inValveClose & outValveClose)),False
ARTEMIS,28,"PCV Mode: At the end of an inspiration phase, if the Inspiratory Pause is set by the GUI, an Inspiratory Pause shall start (see CONT.41).",!(inspiratoryPhaseEnd) U ((inspiratoryPhaseEnd) & G((PCVMode & inspiratoryPauseButton) -> X((inValveClose & outValveClose)))),G((PCVMode & inspiratoryPhaseEnd & inspiratoryPauseButton) -> F(inValveClose & outValveClose)),False
ARTEMIS,28,"PCV Mode: At the end of an inspiration phase, if the Inspiratory Pause is set by the GUI, an Inspiratory Pause shall start (see CONT.41).",!(inspiratoryPhaseEnd) U ((inspiratoryPhaseEnd) & G((PCVMode & inspiratoryPauseButton) -> X((inValveClose & outValveClose)))),G((PCVMode & inspiratoryPhaseEnd & inspiratoryPauseButton) -> F(inValveClose & outValveClose)),False
ARTEMIS,28,"PCV Mode: At the end of an inspiration phase, if the Inspiratory Pause is set by the GUI, an Inspiratory Pause shall start (see CONT.41).",!(inspiratoryPhaseEnd) U ((inspiratoryPhaseEnd) & G((PCVMode & inspiratoryPauseButton) -> X((inValveClose & outValveClose)))),G((PCVMode & inspiratoryPhaseEnd & inspiratoryPauseButton) -> F(inValveClose & outValveClose)),False
ARTEMIS,28,"PCV Mode: At the end of an inspiration phase, if the Inspiratory Pause is set by the GUI, an Inspiratory Pause shall start (see CONT.41).",!(inspiratoryPhaseEnd) U ((inspiratoryPhaseEnd) & G((PCVMode & inspiratoryPauseButton) -> X((inValveClose & outValveClose)))),G((PCVMode & inspiratoryPhaseEnd & inspiratoryPauseButton) -> F(inValveClose & outValveClose)),False
ARTEMIS,28,"PCV Mode: At the end of an inspiration phase, if the Inspiratory Pause is set by the GUI, an Inspiratory Pause shall start (see CONT.41).",!(inspiratoryPhaseEnd) U ((inspiratoryPhaseEnd) & G((PCVMode & inspiratoryPauseButton) -> X((inValveClose & outValveClose)))),G((PCVMode & inspiratoryPhaseEnd & inspiratoryPauseButton) -> F(inValveClose & outValveClose)),False
ARTEMIS,28,"PCV Mode: At the end of an inspiration phase, if the Inspiratory Pause is set by the GUI, an Inspiratory Pause shall start (see CONT.41).",!(inspiratoryPhaseEnd) U ((inspiratoryPhaseEnd) & G((PCVMode & inspiratoryPauseButton) -> X((inValveClose & outValveClose)))),G((PCVMode & inspiratoryPhaseEnd & inspiratoryPauseButton) -> F(inValveClose & outValveClose)),False
ARTEMIS,28,"PCV Mode: At the end of an inspiration phase, if the Inspiratory Pause is set by the GUI, an Inspiratory Pause shall start (see CONT.41).",!(inspiratoryPhaseEnd) U ((inspiratoryPhaseEnd) & G((PCVMode & inspiratoryPauseButton) -> X((inValveClose & outValveClose)))),G((PCVMode & inspiratoryPhaseEnd & inspiratoryPauseButton) -> F(inValveClose & outValveClose)),False
ARTEMIS,28,"PCV Mode: At the end of an inspiration phase, if the Inspiratory Pause is set by the GUI, an Inspiratory Pause shall start (see CONT.41).",!(inspiratoryPhaseEnd) U ((inspiratoryPhaseEnd) & G((PCVMode & inspiratoryPauseButton) -> X((inValveClose & outValveClose)))),G((PCVMode & inspiratoryPhaseEnd & inspiratoryPauseButton) -> F(inValveClose & outValveClose)),False
ARTEMIS,28,"PCV Mode: At the end of an inspiration phase, if the Inspiratory Pause is set by the GUI, an Inspiratory Pause shall start (see CONT.41).",!(inspiratoryPhaseEnd) U ((inspiratoryPhaseEnd) & G((PCVMode & inspiratoryPauseButton) -> X((inValveClose & outValveClose)))),G((PCVMode & inspiratoryPhaseEnd & inspiratoryPauseButton) -> F(inValveClose & outValveClose)),False
ARTEMIS,28,"PCV Mode: At the end of an inspiration phase, if the Inspiratory Pause is set by the GUI, an Inspiratory Pause shall start (see CONT.41).",!(inspiratoryPhaseEnd) U ((inspiratoryPhaseEnd) & G((PCVMode & inspiratoryPauseButton) -> X((inValveClose & outValveClose)))),G((PCVMode & inspiratoryPhaseEnd & inspiratoryPauseButton) -> F(inValveClose & outValveClose)),False
ARTEMIS,28,"PCV Mode: At the end of an inspiration phase, if the Inspiratory Pause is set by the GUI, an Inspiratory Pause shall start (see CONT.41).",!(inspiratoryPhaseEnd) U ((inspiratoryPhaseEnd) & G((PCVMode & inspiratoryPauseButton) -> X((inValveClose & outValveClose)))),G((PCVMode & inspiratoryPhaseEnd & inspiratoryPauseButton) -> F inspiratoryPauseStart),False
ARTEMIS,28,"PCV Mode: At the end of an inspiration phase, if the Inspiratory Pause is set by the GUI, an Inspiratory Pause shall start (see CONT.41).",!(inspiratoryPhaseEnd) U ((inspiratoryPhaseEnd) & G((PCVMode & inspiratoryPauseButton) -> X((inValveClose & outValveClose)))),G((PCVMode & inspiratoryPhaseEnd & inspiratoryPauseButton) -> F(inValveClose & outValveClose)),False
ARTEMIS,28,"PCV Mode: At the end of an inspiration phase, if the Inspiratory Pause is set by the GUI, an Inspiratory Pause shall start (see CONT.41).",!(inspiratoryPhaseEnd) U ((inspiratoryPhaseEnd) & G((PCVMode & inspiratoryPauseButton) -> X((inValveClose & outValveClose)))),G((PCVMode & inspiratoryPhaseEnd & inspiratoryPauseButton) -> F(inValveClose & outValveClose)),False
ARTEMIS,28,"PCV Mode: At the end of an inspiration phase, if the Inspiratory Pause is set by the GUI, an Inspiratory Pause shall start (see CONT.41).",!(inspiratoryPhaseEnd) U ((inspiratoryPhaseEnd) & G((PCVMode & inspiratoryPauseButton) -> X((inValveClose & outValveClose)))),G((PCVMode & inspiratoryPhaseEnd & inspiratoryPauseButton) -> F(inValveClose & outValveClose)),False
ARTEMIS,28,"PCV Mode: At the end of an inspiration phase, if the Inspiratory Pause is set by the GUI, an Inspiratory Pause shall start (see CONT.41).",!(inspiratoryPhaseEnd) U ((inspiratoryPhaseEnd) & G((PCVMode & inspiratoryPauseButton) -> X((inValveClose & outValveClose)))),G((PCVMode & inspiratoryPhaseEnd & inspiratoryPauseButton) -> F(inValveClose & outValveClose)),False
ARTEMIS,28,"PCV Mode: At the end of an inspiration phase, if the Inspiratory Pause is set by the GUI, an Inspiratory Pause shall start (see CONT.41).",!(inspiratoryPhaseEnd) U ((inspiratoryPhaseEnd) & G((PCVMode & inspiratoryPauseButton) -> X((inValveClose & outValveClose)))),G((PCVMode & inspiratoryPhaseEnd & inspiratoryPauseButton) -> F(inValveClose & outValveClose)),False
ARTEMIS,28,"PCV Mode: At the end of an inspiration phase, if the Inspiratory Pause is set by the GUI, an Inspiratory Pause shall start (see CONT.41).",!(inspiratoryPhaseEnd) U ((inspiratoryPhaseEnd) & G((PCVMode & inspiratoryPauseButton) -> X((inValveClose & outValveClose)))),G((PCVMode & inspiratoryPhaseEnd & inspiratoryPauseButton) -> F inspiratoryPauseStart),False
ARTEMIS,28,"PCV Mode: At the end of an inspiration phase, if the Inspiratory Pause is set by the GUI, an Inspiratory Pause shall start (see CONT.41).",!(inspiratoryPhaseEnd) U ((inspiratoryPhaseEnd) & G((PCVMode & inspiratoryPauseButton) -> X((inValveClose & outValveClose)))),G((PCVMode & inspiratoryPhaseEnd & inspiratoryPauseButton) -> F(inValveClose & outValveClose)),False
ARTEMIS,28,"PCV Mode: At the end of an inspiration phase, if the Inspiratory Pause is set by the GUI, an Inspiratory Pause shall start (see CONT.41).",!(inspiratoryPhaseEnd) U ((inspiratoryPhaseEnd) & G((PCVMode & inspiratoryPauseButton) -> X((inValveClose & outValveClose)))),G((PCVMode & inspiratoryPhaseEnd & inspiratoryPauseButton) -> F(inValveClose & outValveClose)),False
ARTEMIS,28,"PCV Mode: At the end of an inspiration phase, if the Inspiratory Pause is set by the GUI, an Inspiratory Pause shall start (see CONT.41).",!(inspiratoryPhaseEnd) U ((inspiratoryPhaseEnd) & G((PCVMode & inspiratoryPauseButton) -> X((inValveClose & outValveClose)))),G((PCVMode & inspiratoryPhaseEnd & inspiratoryPauseButton) -> F(inValveClose & outValveClose)),False
ARTEMIS,28,"PCV Mode: At the end of an inspiration phase, if the Inspiratory Pause is set by the GUI, an Inspiratory Pause shall start (see CONT.41).",!(inspiratoryPhaseEnd) U ((inspiratoryPhaseEnd) & G((PCVMode & inspiratoryPauseButton) -> X((inValveClose & outValveClose)))),G((PCVMode & inspiratoryPhaseEnd & inspiratoryPauseButton) -> F(inValveClose & outValveClose)),False
ARTEMIS,28,"PCV Mode: At the end of an inspiration phase, if the Inspiratory Pause is set by the GUI, an Inspiratory Pause shall start (see CONT.41).",!(inspiratoryPhaseEnd) U ((inspiratoryPhaseEnd) & G((PCVMode & inspiratoryPauseButton) -> X((inValveClose & outValveClose)))),G((PCVMode & inspiratoryPhaseEnd & inspiratoryPauseButton) -> F(inValveClose & outValveClose)),False
ARTEMIS,28,"PCV Mode: At the end of an inspiration phase, if the Inspiratory Pause is set by the GUI, an Inspiratory Pause shall start (see CONT.41).",!(inspiratoryPhaseEnd) U ((inspiratoryPhaseEnd) & G((PCVMode & inspiratoryPauseButton) -> X((inValveClose & outValveClose)))),G((PCVMode & inspiratoryPhaseEnd & inspiratoryPauseButton) -> F(inValveClose & outValveClose)),False
ARTEMIS,28,"PCV Mode: At the end of an inspiration phase, if the Inspiratory Pause is set by the GUI, an Inspiratory Pause shall start (see CONT.41).",!(inspiratoryPhaseEnd) U ((inspiratoryPhaseEnd) & G((PCVMode & inspiratoryPauseButton) -> X((inValveClose & outValveClose)))),G((PCVMode & inspiratoryPhaseEnd & inspiratoryPauseButton) -> F(inValveClose & outValveClose)),False
ARTEMIS,28,"PCV Mode: At the end of an inspiration phase, if the Inspiratory Pause is set by the GUI, an Inspiratory Pause shall start (see CONT.41).",!(inspiratoryPhaseEnd) U ((inspiratoryPhaseEnd) & G((PCVMode & inspiratoryPauseButton) -> X((inValveClose & outValveClose)))),G((PCVMode & inspiratoryPhaseEnd & inspiratoryPauseButton) -> F(inValveClose & outValveClose)),False
ARTEMIS,28,"PCV Mode: At the end of an inspiration phase, if the Inspiratory Pause is set by the GUI, an Inspiratory Pause shall start (see CONT.41).",!(inspiratoryPhaseEnd) U ((inspiratoryPhaseEnd) & G((PCVMode & inspiratoryPauseButton) -> X((inValveClose & outValveClose)))),G((PCVMode & inspiratoryPhaseEnd & inspiratoryPauseButton) -> F(inValveClose & outValveClose)),False
ARTEMIS,28,"PCV Mode: At the end of an inspiration phase, if the Inspiratory Pause is set by the GUI, an Inspiratory Pause shall start (see CONT.41).",!(inspiratoryPhaseEnd) U ((inspiratoryPhaseEnd) & G((PCVMode & inspiratoryPauseButton) -> X((inValveClose & outValveClose)))),G((PCVMode & inspiratoryPhaseEnd & inspiratoryPauseButton) -> F(inValveClose & outValveClose)),False
ARTEMIS,28,"PCV Mode: At the end of an inspiration phase, if the Inspiratory Pause is set by the GUI, an Inspiratory Pause shall start (see CONT.41).",!(inspiratoryPhaseEnd) U ((inspiratoryPhaseEnd) & G((PCVMode & inspiratoryPauseButton) -> X((inValveClose & outValveClose)))),G((PCVMode & inspiratoryPhaseEnd & inspiratoryPauseButton) -> F(inValveClose & outValveClose)),False
ARTEMIS,28,"PCV Mode: At the end of an inspiration phase, if the Inspiratory Pause is set by the GUI, an Inspiratory Pause shall start (see CONT.41).",!(inspiratoryPhaseEnd) U ((inspiratoryPhaseEnd) & G((PCVMode & inspiratoryPauseButton) -> X((inValveClose & outValveClose)))),G((PCVMode & inspiratoryPhaseEnd & inspiratoryPauseButton) -> F(inValveClose & outValveClose)),False
ARTEMIS,28,"PCV Mode: At the end of an inspiration phase, if the Inspiratory Pause is set by the GUI, an Inspiratory Pause shall start (see CONT.41).",!(inspiratoryPhaseEnd) U ((inspiratoryPhaseEnd) & G((PCVMode & inspiratoryPauseButton) -> X((inValveClose & outValveClose)))),G((PCVMode & inspiratoryPhaseEnd & inspiratoryPauseButton) -> F(inValveClose & outValveClose)),False
ARTEMIS,28,"PCV Mode: At the end of an inspiration phase, if the Inspiratory Pause is set by the GUI, an Inspiratory Pause shall start (see CONT.41).",!(inspiratoryPhaseEnd) U ((inspiratoryPhaseEnd) & G((PCVMode & inspiratoryPauseButton) -> X((inValveClose & outValveClose)))),G((PCVMode & inspiratoryPhaseEnd & inspiratoryPauseButton) -> F(inValveClose & outValveClose)),False
ARTEMIS,28,"PCV Mode: At the end of an inspiration phase, if the Inspiratory Pause is set by the GUI, an Inspiratory Pause shall start (see CONT.41).",!(inspiratoryPhaseEnd) U ((inspiratoryPhaseEnd) & G((PCVMode & inspiratoryPauseButton) -> X((inValveClose & outValveClose)))),G((PCVMode & inspiratoryPhaseEnd & inspiratoryPauseButton) -> F(inValveClose & outValveClose)),False
ARTEMIS,28,"PCV Mode: At the end of an inspiration phase, if the Inspiratory Pause is set by the GUI, an Inspiratory Pause shall start (see CONT.41).",!(inspiratoryPhaseEnd) U ((inspiratoryPhaseEnd) & G((PCVMode & inspiratoryPauseButton) -> X((inValveClose & outValveClose)))),G((PCVMode & inspiratoryPhaseEnd & inspiratoryPauseButton) -> F(inValveClose & outValveClose)),False
ARTEMIS,28,"PCV Mode: At the end of an inspiration phase, if the Inspiratory Pause is set by the GUI, an Inspiratory Pause shall start (see CONT.41).",!(inspiratoryPhaseEnd) U ((inspiratoryPhaseEnd) & G((PCVMode & inspiratoryPauseButton) -> X((inValveClose & outValveClose)))),G((PCVMode & inspiratoryPhaseEnd & inspiratoryPauseButton) -> F(inValveClose & outValveClose)),False
ARTEMIS,28,"PCV Mode: At the end of an inspiration phase, if the Inspiratory Pause is set by the GUI, an Inspiratory Pause shall start (see CONT.41).",!(inspiratoryPhaseEnd) U ((inspiratoryPhaseEnd) & G((PCVMode & inspiratoryPauseButton) -> X((inValveClose & outValveClose)))),G((PCVMode & inspiratoryPhaseEnd & inspiratoryPauseButton) -> F(inValveClose & outValveClose)),False
ARTEMIS,28,"PCV Mode: At the end of an inspiration phase, if the Inspiratory Pause is set by the GUI, an Inspiratory Pause shall start (see CONT.41).",!(inspiratoryPhaseEnd) U ((inspiratoryPhaseEnd) & G((PCVMode & inspiratoryPauseButton) -> X((inValveClose & outValveClose)))),G((PCVMode & inspiratoryPhaseEnd & inspiratoryPauseButton) -> F(inValveClose & outValveClose)),False
ARTEMIS,28,"PCV Mode: At the end of an inspiration phase, if the Inspiratory Pause is set by the GUI, an Inspiratory Pause shall start (see CONT.41).",!(inspiratoryPhaseEnd) U ((inspiratoryPhaseEnd) & G((PCVMode & inspiratoryPauseButton) -> X((inValveClose & outValveClose)))),G((PCVMode & inspiratoryPhaseEnd & inspiratoryPauseButton) -> F(inValveClose & outValveClose)),False
ARTEMIS,28,"PCV Mode: At the end of an inspiration phase, if the Inspiratory Pause is set by the GUI, an Inspiratory Pause shall start (see CONT.41).",!(inspiratoryPhaseEnd) U ((inspiratoryPhaseEnd) & G((PCVMode & inspiratoryPauseButton) -> X((inValveClose & outValveClose)))),G((PCVMode & inspiratoryPhaseEnd & inspiratoryPauseButton) -> F(inValveClose & outValveClose)),False
ARTEMIS,28,"PCV Mode: At the end of an inspiration phase, if the Inspiratory Pause is set by the GUI, an Inspiratory Pause shall start (see CONT.41).",!(inspiratoryPhaseEnd) U ((inspiratoryPhaseEnd) & G((PCVMode & inspiratoryPauseButton) -> X((inValveClose & outValveClose)))),G((PCVMode & inspiratoryPhaseEnd & inspiratoryPauseButton) -> F(inValveClose & outValveClose)),False
ARTEMIS,28,"PCV Mode: At the end of an inspiration phase, if the Inspiratory Pause is set by the GUI, an Inspiratory Pause shall start (see CONT.41).",!(inspiratoryPhaseEnd) U ((inspiratoryPhaseEnd) & G((PCVMode & inspiratoryPauseButton) -> X((inValveClose & outValveClose)))),G((PCVMode & inspiratoryPhaseEnd & inspiratoryPauseButton) -> F(inValveClose & outValveClose)),False
ARTEMIS,28,"PCV Mode: At the end of an inspiration phase, if the Inspiratory Pause is set by the GUI, an Inspiratory Pause shall start (see CONT.41).",!(inspiratoryPhaseEnd) U ((inspiratoryPhaseEnd) & G((PCVMode & inspiratoryPauseButton) -> X((inValveClose & outValveClose)))),G((PCVMode & inspiratoryPhaseEnd & inspiratoryPauseButton) -> F(inValveClose & outValveClose)),False
ARTEMIS,28,"PCV Mode: At the end of an inspiration phase, if the Inspiratory Pause is set by the GUI, an Inspiratory Pause shall start (see CONT.41).",!(inspiratoryPhaseEnd) U ((inspiratoryPhaseEnd) & G((PCVMode & inspiratoryPauseButton) -> X((inValveClose & outValveClose)))),G((PCVMode & inspiratoryPhaseEnd & inspiratoryPauseButton) -> F(inValveClose & outValveClose)),False
ARTEMIS,28,"PCV Mode: At the end of an inspiration phase, if the Inspiratory Pause is set by the GUI, an Inspiratory Pause shall start (see CONT.41).",!(inspiratoryPhaseEnd) U ((inspiratoryPhaseEnd) & G((PCVMode & inspiratoryPauseButton) -> X((inValveClose & outValveClose)))),G((PCVMode & inspiratoryPhaseEnd & inspiratoryPauseButton) -> F inspiratoryPauseStart),False
ARTEMIS,28,"PCV Mode: At the end of an inspiration phase, if the Inspiratory Pause is set by the GUI, an Inspiratory Pause shall start (see CONT.41).",!(inspiratoryPhaseEnd) U ((inspiratoryPhaseEnd) & G((PCVMode & inspiratoryPauseButton) -> X((inValveClose & outValveClose)))),G((PCVMode & inspiratoryPhaseEnd & inspiratoryPauseButton) -> F(inValveClose & outValveClose)),False
ARTEMIS,28,"PCV Mode: At the end of an inspiration phase, if the Inspiratory Pause is set by the GUI, an Inspiratory Pause shall start (see CONT.41).",!(inspiratoryPhaseEnd) U ((inspiratoryPhaseEnd) & G((PCVMode & inspiratoryPauseButton) -> X((inValveClose & outValveClose)))),G((PCVMode & inspiratoryPhaseEnd & inspiratoryPauseButton) -> F(inValveClose & outValveClose)),False
ARTEMIS,28,"PCV Mode: At the end of an inspiration phase, if the Inspiratory Pause is set by the GUI, an Inspiratory Pause shall start (see CONT.41).",!(inspiratoryPhaseEnd) U ((inspiratoryPhaseEnd) & G((PCVMode & inspiratoryPauseButton) -> X((inValveClose & outValveClose)))),G((PCVMode & inspiratoryPhaseEnd & inspiratoryPauseButton) -> F(inValveClose & outValveClose)),False
ARTEMIS,28,"PCV Mode: At the end of an inspiration phase, if the Inspiratory Pause is set by the GUI, an Inspiratory Pause shall start (see CONT.41).",!(inspiratoryPhaseEnd) U ((inspiratoryPhaseEnd) & G((PCVMode & inspiratoryPauseButton) -> X((inValveClose & outValveClose)))),G((PCVMode & inspiratoryPhaseEnd & inspiratoryPauseButton) -> F(inValveClose & outValveClose)),False
ARTEMIS,28,"PCV Mode: At the end of an inspiration phase, if the Inspiratory Pause is set by the GUI, an Inspiratory Pause shall start (see CONT.41).",!(inspiratoryPhaseEnd) U ((inspiratoryPhaseEnd) & G((PCVMode & inspiratoryPauseButton) -> X((inValveClose & outValveClose)))),G((PCVMode & inspiratoryPhaseEnd & inspiratoryPauseButton) -> F(inValveClose & outValveClose)),False
ARTEMIS,28,"PCV Mode: At the end of an inspiration phase, if the Inspiratory Pause is set by the GUI, an Inspiratory Pause shall start (see CONT.41).",!(inspiratoryPhaseEnd) U ((inspiratoryPhaseEnd) & G((PCVMode & inspiratoryPauseButton) -> X((inValveClose & outValveClose)))),G((PCVMode & inspiratoryPhaseEnd & inspiratoryPauseButton) -> F(inValveClose & outValveClose)),False
ARTEMIS,28,"PCV Mode: At the end of an inspiration phase, if the Inspiratory Pause is set by the GUI, an Inspiratory Pause shall start (see CONT.41).",!(inspiratoryPhaseEnd) U ((inspiratoryPhaseEnd) & G((PCVMode & inspiratoryPauseButton) -> X((inValveClose & outValveClose)))),G((PCVMode & inspiratoryPhaseEnd & inspiratoryPauseButton) -> F(inValveClose & outValveClose)),False
ARTEMIS,28,"PCV Mode: At the end of an inspiration phase, if the Inspiratory Pause is set by the GUI, an Inspiratory Pause shall start (see CONT.41).",!(inspiratoryPhaseEnd) U ((inspiratoryPhaseEnd) & G((PCVMode & inspiratoryPauseButton) -> X((inValveClose & outValveClose)))),G((PCVMode & inspiratoryPhaseEnd & inspiratoryPauseButton) -> F(inValveClose & outValveClose)),False
ARTEMIS,28,"PCV Mode: At the end of an inspiration phase, if the Inspiratory Pause is set by the GUI, an Inspiratory Pause shall start (see CONT.41).",!(inspiratoryPhaseEnd) U ((inspiratoryPhaseEnd) & G((PCVMode & inspiratoryPauseButton) -> X((inValveClose & outValveClose)))),G((PCVMode & inspiratoryPhaseEnd & inspiratoryPauseButton) -> F(inValveClose & outValveClose)),False
ARTEMIS,28,"PCV Mode: At the end of an inspiration phase, if the Inspiratory Pause is set by the GUI, an Inspiratory Pause shall start (see CONT.41).",!(inspiratoryPhaseEnd) U ((inspiratoryPhaseEnd) & G((PCVMode & inspiratoryPauseButton) -> X((inValveClose & outValveClose)))),G((PCVMode & inspiratoryPhaseEnd & inspiratoryPauseButton) -> F(inValveClose & outValveClose)),False
ARTEMIS,28,"PCV Mode: At the end of an inspiration phase, if the Inspiratory Pause is set by the GUI, an Inspiratory Pause shall start (see CONT.41).",!(inspiratoryPhaseEnd) U ((inspiratoryPhaseEnd) & G((PCVMode & inspiratoryPauseButton) -> X((inValveClose & outValveClose)))),G((PCVMode & inspiratoryPhaseEnd & inspiratoryPauseButton) -> F(inValveClose & outValveClose)),False
ARTEMIS,28,"PCV Mode: At the end of an inspiration phase, if the Inspiratory Pause is set by the GUI, an Inspiratory Pause shall start (see CONT.41).",!(inspiratoryPhaseEnd) U ((inspiratoryPhaseEnd) & G((PCVMode & inspiratoryPauseButton) -> X((inValveClose & outValveClose)))),G((PCVMode & inspiratoryPhaseEnd & inspiratoryPauseButton) -> F(inValveClose & outValveClose)),False
ARTEMIS,28,"PCV Mode: At the end of an inspiration phase, if the Inspiratory Pause is set by the GUI, an Inspiratory Pause shall start (see CONT.41).",!(inspiratoryPhaseEnd) U ((inspiratoryPhaseEnd) & G((PCVMode & inspiratoryPauseButton) -> X((inValveClose & outValveClose)))),G((PCVMode & inspiratoryPhaseEnd & inspiratoryPauseButton) -> F(inValveClose & outValveClose)),False
ARTEMIS,28,"PCV Mode: At the end of an inspiration phase, if the Inspiratory Pause is set by the GUI, an Inspiratory Pause shall start (see CONT.41).",!(inspiratoryPhaseEnd) U ((inspiratoryPhaseEnd) & G((PCVMode & inspiratoryPauseButton) -> X((inValveClose & outValveClose)))),G((PCVMode & inspiratoryPhaseEnd & inspiratoryPauseButton) -> F(inValveClose & outValveClose)),False
ARTEMIS,28,"PCV Mode: At the end of an inspiration phase, if the Inspiratory Pause is set by the GUI, an Inspiratory Pause shall start (see CONT.41).",!(inspiratoryPhaseEnd) U ((inspiratoryPhaseEnd) & G((PCVMode & inspiratoryPauseButton) -> X((inValveClose & outValveClose)))),G((PCVMode & inspiratoryPhaseEnd & inspiratoryPauseButton) -> F(inValveClose & outValveClose)),False
ARTEMIS,28,"PCV Mode: At the end of an inspiration phase, if the Inspiratory Pause is set by the GUI, an Inspiratory Pause shall start (see CONT.41).",!(inspiratoryPhaseEnd) U ((inspiratoryPhaseEnd) & G((PCVMode & inspiratoryPauseButton) -> X((inValveClose & outValveClose)))),G((PCVMode & inspiratoryPhaseEnd & inspiratoryPauseButton) -> F(inValveClose & outValveClose)),False
ARTEMIS,28,"PCV Mode: At the end of an inspiration phase, if the Inspiratory Pause is set by the GUI, an Inspiratory Pause shall start (see CONT.41).",!(inspiratoryPhaseEnd) U ((inspiratoryPhaseEnd) & G((PCVMode & inspiratoryPauseButton) -> X((inValveClose & outValveClose)))),G((PCVMode & inspiratoryPhaseEnd & inspiratoryPauseButton) -> F(inValveClose & outValveClose)),False
ARTEMIS,28,"PCV Mode: At the end of an inspiration phase, if the Inspiratory Pause is set by the GUI, an Inspiratory Pause shall start (see CONT.41).",!(inspiratoryPhaseEnd) U ((inspiratoryPhaseEnd) & G((PCVMode & inspiratoryPauseButton) -> X((inValveClose & outValveClose)))),G((PCVMode & inspiratoryPhaseEnd & inspiratoryPauseButton) -> F(inValveClose & outValveClose)),False
ARTEMIS,28,"PCV Mode: At the end of an inspiration phase, if the Inspiratory Pause is set by the GUI, an Inspiratory Pause shall start (see CONT.41).",!(inspiratoryPhaseEnd) U ((inspiratoryPhaseEnd) & G((PCVMode & inspiratoryPauseButton) -> X((inValveClose & outValveClose)))),G((PCVMode & inspiratoryPhaseEnd & inspiratoryPauseButton) -> F(inValveClose & outValveClose)),False
ARTEMIS,28,"PCV Mode: At the end of an inspiration phase, if the Inspiratory Pause is set by the GUI, an Inspiratory Pause shall start (see CONT.41).",!(inspiratoryPhaseEnd) U ((inspiratoryPhaseEnd) & G((PCVMode & inspiratoryPauseButton) -> X((inValveClose & outValveClose)))),G((PCVMode & inspiratoryPhaseEnd & inspiratoryPauseButton) -> F(inValveClose & outValveClose)),False
ARTEMIS,28,"PCV Mode: At the end of an inspiration phase, if the Inspiratory Pause is set by the GUI, an Inspiratory Pause shall start (see CONT.41).",!(inspiratoryPhaseEnd) U ((inspiratoryPhaseEnd) & G((PCVMode & inspiratoryPauseButton) -> X((inValveClose & outValveClose)))),G((PCVMode & inspiratoryPhaseEnd & inspiratoryPauseButton) -> F(inValveClose & outValveClose)),False
ARTEMIS,28,"PCV Mode: At the end of an inspiration phase, if the Inspiratory Pause is set by the GUI, an Inspiratory Pause shall start (see CONT.41).",!(inspiratoryPhaseEnd) U ((inspiratoryPhaseEnd) & G((PCVMode & inspiratoryPauseButton) -> X((inValveClose & outValveClose)))),G((PCVMode & inspiratoryPhaseEnd & inspiratoryPauseButton) -> F(inValveClose & outValveClose)),False
ARTEMIS,28,"PCV Mode: At the end of an inspiration phase, if the Inspiratory Pause is set by the GUI, an Inspiratory Pause shall start (see CONT.41).",!(inspiratoryPhaseEnd) U ((inspiratoryPhaseEnd) & G((PCVMode & inspiratoryPauseButton) -> X((inValveClose & outValveClose)))),G((PCVMode & inspiratoryPhaseEnd & inspiratoryPauseButton) -> F(inValveClose & outValveClose)),False
ARTEMIS,28,"PCV Mode: At the end of an inspiration phase, if the Inspiratory Pause is set by the GUI, an Inspiratory Pause shall start (see CONT.41).",!(inspiratoryPhaseEnd) U ((inspiratoryPhaseEnd) & G((PCVMode & inspiratoryPauseButton) -> X((inValveClose & outValveClose)))),G((PCVMode & inspiratoryPhaseEnd & inspiratoryPauseButton) -> F(inValveClose & outValveClose)),False
ARTEMIS,28,"PCV Mode: At the end of an inspiration phase, if the Inspiratory Pause is set by the GUI, an Inspiratory Pause shall start (see CONT.41).",!(inspiratoryPhaseEnd) U ((inspiratoryPhaseEnd) & G((PCVMode & inspiratoryPauseButton) -> X((inValveClose & outValveClose)))),G((PCVMode & inspiratoryPhaseEnd & inspiratoryPauseButton) -> F inspiratoryPauseStart),False
ARTEMIS,28,"PCV Mode: At the end of an inspiration phase, if the Inspiratory Pause is set by the GUI, an Inspiratory Pause shall start (see CONT.41).",!(inspiratoryPhaseEnd) U ((inspiratoryPhaseEnd) & G((PCVMode & inspiratoryPauseButton) -> X((inValveClose & outValveClose)))),G((PCVMode & inspiratoryPhaseEnd & inspiratoryPauseButton) -> F(inValveClose & outValveClose)),False
ARTEMIS,28,"PCV Mode: At the end of an inspiration phase, if the Inspiratory Pause is set by the GUI, an Inspiratory Pause shall start (see CONT.41).",!(inspiratoryPhaseEnd) U ((inspiratoryPhaseEnd) & G((PCVMode & inspiratoryPauseButton) -> X((inValveClose & outValveClose)))),G((PCVMode & inspiratoryPhaseEnd & inspiratoryPauseButton) -> F(inValveClose & outValveClose)),False
ARTEMIS,28,"PCV Mode: At the end of an inspiration phase, if the Inspiratory Pause is set by the GUI, an Inspiratory Pause shall start (see CONT.41).",!(inspiratoryPhaseEnd) U ((inspiratoryPhaseEnd) & G((PCVMode & inspiratoryPauseButton) -> X((inValveClose & outValveClose)))),G((PCVMode & inspiratoryPhaseEnd & inspiratoryPauseButton) -> F inspiratoryPauseStart),False
ARTEMIS,28,"PCV Mode: At the end of an inspiration phase, if the Inspiratory Pause is set by the GUI, an Inspiratory Pause shall start (see CONT.41).",!(inspiratoryPhaseEnd) U ((inspiratoryPhaseEnd) & G((PCVMode & inspiratoryPauseButton) -> X((inValveClose & outValveClose)))),G((PCVMode & inspiratoryPhaseEnd & inspiratoryPauseButton) -> F(inValveClose & outValveClose)),False
ARTEMIS,28,"PCV Mode: At the end of an inspiration phase, if the Inspiratory Pause is set by the GUI, an Inspiratory Pause shall start (see CONT.41).",!(inspiratoryPhaseEnd) U ((inspiratoryPhaseEnd) & G((PCVMode & inspiratoryPauseButton) -> X((inValveClose & outValveClose)))),G((PCVMode & inspiratoryPhaseEnd & inspiratoryPauseButton) -> F(inValveClose & outValveClose)),False
ARTEMIS,28,"PCV Mode: At the end of an inspiration phase, if the Inspiratory Pause is set by the GUI, an Inspiratory Pause shall start (see CONT.41).",!(inspiratoryPhaseEnd) U ((inspiratoryPhaseEnd) & G((PCVMode & inspiratoryPauseButton) -> X((inValveClose & outValveClose)))),G((PCVMode & inspiratoryPhaseEnd & inspiratoryPauseButton) -> F(inValveClose & outValveClose)),False
ARTEMIS,28,"PCV Mode: At the end of an inspiration phase, if the Inspiratory Pause is set by the GUI, an Inspiratory Pause shall start (see CONT.41).",!(inspiratoryPhaseEnd) U ((inspiratoryPhaseEnd) & G((PCVMode & inspiratoryPauseButton) -> X((inValveClose & outValveClose)))),G((PCVMode & inspiratoryPhaseEnd & inspiratoryPauseButton) -> F(inValveClose & outValveClose)),False
ARTEMIS,28,"PCV Mode: At the end of an inspiration phase, if the Inspiratory Pause is set by the GUI, an Inspiratory Pause shall start (see CONT.41).",!(inspiratoryPhaseEnd) U ((inspiratoryPhaseEnd) & G((PCVMode & inspiratoryPauseButton) -> X((inValveClose & outValveClose)))),G((PCVMode & inspiratoryPhaseEnd & inspiratoryPauseButton) -> F(inValveClose & outValveClose)),False
ARTEMIS,28,"PCV Mode: At the end of an inspiration phase, if the Inspiratory Pause is set by the GUI, an Inspiratory Pause shall start (see CONT.41).",!(inspiratoryPhaseEnd) U ((inspiratoryPhaseEnd) & G((PCVMode & inspiratoryPauseButton) -> X((inValveClose & outValveClose)))),G((PCVMode & inspiratoryPhaseEnd & inspiratoryPauseButton) -> F(inValveClose & outValveClose)),False
ARTEMIS,28,"PCV Mode: At the end of an inspiration phase, if the Inspiratory Pause is set by the GUI, an Inspiratory Pause shall start (see CONT.41).",!(inspiratoryPhaseEnd) U ((inspiratoryPhaseEnd) & G((PCVMode & inspiratoryPauseButton) -> X((inValveClose & outValveClose)))),G((PCVMode & inspiratoryPhaseEnd & inspiratoryPauseButton) -> F(inValveClose & outValveClose)),False
ARTEMIS,28,"PCV Mode: At the end of an inspiration phase, if the Inspiratory Pause is set by the GUI, an Inspiratory Pause shall start (see CONT.41).",!(inspiratoryPhaseEnd) U ((inspiratoryPhaseEnd) & G((PCVMode & inspiratoryPauseButton) -> X((inValveClose & outValveClose)))),G((PCVMode & inspiratoryPhaseEnd & inspiratoryPauseButton) -> F(inValveClose & outValveClose)),False
ARTEMIS,28,"PCV Mode: At the end of an inspiration phase, if the Inspiratory Pause is set by the GUI, an Inspiratory Pause shall start (see CONT.41).",!(inspiratoryPhaseEnd) U ((inspiratoryPhaseEnd) & G((PCVMode & inspiratoryPauseButton) -> X((inValveClose & outValveClose)))),G((PCVMode & inspiratoryPhaseEnd & inspiratoryPauseButton) -> F(inValveClose & outValveClose)),False
ARTEMIS,28,"PCV Mode: At the end of an inspiration phase, if the Inspiratory Pause is set by the GUI, an Inspiratory Pause shall start (see CONT.41).",!(inspiratoryPhaseEnd) U ((inspiratoryPhaseEnd) & G((PCVMode & inspiratoryPauseButton) -> X((inValveClose & outValveClose)))),G((PCVMode & inspiratoryPhaseEnd & inspiratoryPauseButton) -> F(inValveClose & outValveClose)),False
ARTEMIS,28,"PCV Mode: At the end of an inspiration phase, if the Inspiratory Pause is set by the GUI, an Inspiratory Pause shall start (see CONT.41).",!(inspiratoryPhaseEnd) U ((inspiratoryPhaseEnd) & G((PCVMode & inspiratoryPauseButton) -> X((inValveClose & outValveClose)))),G((PCVMode & inspiratoryPhaseEnd & inspiratoryPauseButton) -> F(inValveClose & outValveClose)),False
ARTEMIS,60,The switch to PSV shall occur only after the PSV parameters have been confirmed and until that has happened the PCV ventilation shall continue,G(PCVMode -> G((((confirmPSVParameters & PSVMode) | ((! confirmPSVParameters) & PCVMode)) & ventilating))),(!PSVMode U confirmPSVParameters) & (G(!confirmPSVParameters -> (PCVMode & ventilating))),False
ARTEMIS,60,The switch to PSV shall occur only after the PSV parameters have been confirmed and until that has happened the PCV ventilation shall continue,G(PCVMode -> G((((confirmPSVParameters & PSVMode) | ((! confirmPSVParameters) & PCVMode)) & ventilating))),(!PSVMode U confirmPSVParameters) & (G(!confirmPSVParameters -> (PCVMode & ventilating))),False
ARTEMIS,60,The switch to PSV shall occur only after the PSV parameters have been confirmed and until that has happened the PCV ventilation shall continue,G(PCVMode -> G((((confirmPSVParameters & PSVMode) | ((! confirmPSVParameters) & PCVMode)) & ventilating))),(!PSVMode U confirmPSVParameters) & G(PSVMode -> F confirmPSVParameters) & (!confirmPSVParameters -> (PCVMode & ventilating)),False
ARTEMIS,60,The switch to PSV shall occur only after the PSV parameters have been confirmed and until that has happened the PCV ventilation shall continue,G(PCVMode -> G((((confirmPSVParameters & PSVMode) | ((! confirmPSVParameters) & PCVMode)) & ventilating))),(!PSVMode U confirmPSVParameters) & G(PSVMode -> F confirmPSVParameters) & (!confirmPSVParameters -> (PCVMode & ventilating)),False
ARTEMIS,60,The switch to PSV shall occur only after the PSV parameters have been confirmed and until that has happened the PCV ventilation shall continue,G(PCVMode -> G((((confirmPSVParameters & PSVMode) | ((! confirmPSVParameters) & PCVMode)) & ventilating))),(!PSVMode U confirmPSVParameters) & (G(!confirmPSVParameters -> (PCVMode & ventilating))),False
ARTEMIS,60,The switch to PSV shall occur only after the PSV parameters have been confirmed and until that has happened the PCV ventilation shall continue,G(PCVMode -> G((((confirmPSVParameters & PSVMode) | ((! confirmPSVParameters) & PCVMode)) & ventilating))),(!PSVMode U confirmPSVParameters) & (G(!confirmPSVParameters -> (PCVMode & ventilating))),False
ARTEMIS,60,The switch to PSV shall occur only after the PSV parameters have been confirmed and until that has happened the PCV ventilation shall continue,G(PCVMode -> G((((confirmPSVParameters & PSVMode) | ((! confirmPSVParameters) & PCVMode)) & ventilating))),(!PSVMode U confirmPSVParameters) & (G(!confirmPSVParameters -> (PCVMode & ventilating))),False
ARTEMIS,60,The switch to PSV shall occur only after the PSV parameters have been confirmed and until that has happened the PCV ventilation shall continue,G(PCVMode -> G((((confirmPSVParameters & PSVMode) | ((! confirmPSVParameters) & PCVMode)) & ventilating))),(!PSVMode U confirmPSVParameters) & (G(!confirmPSVParameters -> (PCVMode & ventilating))),False
ARTEMIS,60,The switch to PSV shall occur only after the PSV parameters have been confirmed and until that has happened the PCV ventilation shall continue,G(PCVMode -> G((((confirmPSVParameters & PSVMode) | ((! confirmPSVParameters) & PCVMode)) & ventilating))),(!PSVMode U confirmPSVParameters) & (G(!confirmPSVParameters -> (PCVMode & ventilating))),False
ARTEMIS,60,The switch to PSV shall occur only after the PSV parameters have been confirmed and until that has happened the PCV ventilation shall continue,G(PCVMode -> G((((confirmPSVParameters & PSVMode) | ((! confirmPSVParameters) & PCVMode)) & ventilating))),(!PSVMode U confirmPSVParameters) & (G(!confirmPSVParameters -> (PCVMode & ventilating))),False
ARTEMIS,60,The switch to PSV shall occur only after the PSV parameters have been confirmed and until that has happened the PCV ventilation shall continue,G(PCVMode -> G((((confirmPSVParameters & PSVMode) | ((! confirmPSVParameters) & PCVMode)) & ventilating))),(!PSVMode U confirmPSVParameters) & (G(!confirmPSVParameters -> (PCVMode & ventilating))),False
ARTEMIS,60,The switch to PSV shall occur only after the PSV parameters have been confirmed and until that has happened the PCV ventilation shall continue,G(PCVMode -> G((((confirmPSVParameters & PSVMode) | ((! confirmPSVParameters) & PCVMode)) & ventilating))),(!PSVMode U confirmPSVParameters) & (G(!confirmPSVParameters -> (PCVMode & ventilating))),False
ARTEMIS,60,The switch to PSV shall occur only after the PSV parameters have been confirmed and until that has happened the PCV ventilation shall continue,G(PCVMode -> G((((confirmPSVParameters & PSVMode) | ((! confirmPSVParameters) & PCVMode)) & ventilating))),(!PSVMode U confirmPSVParameters) & (G(!confirmPSVParameters -> (PCVMode & ventilating))),False
ARTEMIS,60,The switch to PSV shall occur only after the PSV parameters have been confirmed and until that has happened the PCV ventilation shall continue,G(PCVMode -> G((((confirmPSVParameters & PSVMode) | ((! confirmPSVParameters) & PCVMode)) & ventilating))),(!PSVMode U confirmPSVParameters) & (G(!confirmPSVParameters -> (PCVMode & ventilating))),False
ARTEMIS,60,The switch to PSV shall occur only after the PSV parameters have been confirmed and until that has happened the PCV ventilation shall continue,G(PCVMode -> G((((confirmPSVParameters & PSVMode) | ((! confirmPSVParameters) & PCVMode)) & ventilating))),(!PSVMode U confirmPSVParameters) & (G(!confirmPSVParameters -> (PCVMode & ventilating))),False
ARTEMIS,60,The switch to PSV shall occur only after the PSV parameters have been confirmed and until that has happened the PCV ventilation shall continue,G(PCVMode -> G((((confirmPSVParameters & PSVMode) | ((! confirmPSVParameters) & PCVMode)) & ventilating))),(!PSVMode U confirmPSVParameters) & (G(!confirmPSVParameters -> (PCVMode & ventilating))),False
ARTEMIS,60,The switch to PSV shall occur only after the PSV parameters have been confirmed and until that has happened the PCV ventilation shall continue,G(PCVMode -> G((((confirmPSVParameters & PSVMode) | ((! confirmPSVParameters) & PCVMode)) & ventilating))),(!PSVMode U confirmPSVParameters) & G(PSVMode -> F confirmPSVParameters) & (!confirmPSVParameters -> (PCVMode & ventilating)),False
ARTEMIS,60,The switch to PSV shall occur only after the PSV parameters have been confirmed and until that has happened the PCV ventilation shall continue,G(PCVMode -> G((((confirmPSVParameters & PSVMode) | ((! confirmPSVParameters) & PCVMode)) & ventilating))),(!PSVMode U confirmPSVParameters) & (G(!confirmPSVParameters -> (PCVMode & ventilating))),False
ARTEMIS,60,The switch to PSV shall occur only after the PSV parameters have been confirmed and until that has happened the PCV ventilation shall continue,G(PCVMode -> G((((confirmPSVParameters & PSVMode) | ((! confirmPSVParameters) & PCVMode)) & ventilating))),(!PSVMode U confirmPSVParameters) & (G(!confirmPSVParameters -> (PCVMode & ventilating))),False
ARTEMIS,60,The switch to PSV shall occur only after the PSV parameters have been confirmed and until that has happened the PCV ventilation shall continue,G(PCVMode -> G((((confirmPSVParameters & PSVMode) | ((! confirmPSVParameters) & PCVMode)) & ventilating))),(!PSVMode U confirmPSVParameters) & (G(!confirmPSVParameters -> (PCVMode & ventilating))),False
ARTEMIS,60,The switch to PSV shall occur only after the PSV parameters have been confirmed and until that has happened the PCV ventilation shall continue,G(PCVMode -> G((((confirmPSVParameters & PSVMode) | ((! confirmPSVParameters) & PCVMode)) & ventilating))),(!PSVMode U confirmPSVParameters) & (G(!confirmPSVParameters -> (PCVMode & ventilating))),False
ARTEMIS,60,The switch to PSV shall occur only after the PSV parameters have been confirmed and until that has happened the PCV ventilation shall continue,G(PCVMode -> G((((confirmPSVParameters & PSVMode) | ((! confirmPSVParameters) & PCVMode)) & ventilating))),(!PSVMode U confirmPSVParameters) & G(PSVMode -> F confirmPSVParameters) & (!confirmPSVParameters -> (PCVMode & ventilating)),False
ARTEMIS,60,The switch to PSV shall occur only after the PSV parameters have been confirmed and until that has happened the PCV ventilation shall continue,G(PCVMode -> G((((confirmPSVParameters & PSVMode) | ((! confirmPSVParameters) & PCVMode)) & ventilating))),(!PSVMode U confirmPSVParameters) & (G(!confirmPSVParameters -> (PCVMode & ventilating))),False
ARTEMIS,60,The switch to PSV shall occur only after the PSV parameters have been confirmed and until that has happened the PCV ventilation shall continue,G(PCVMode -> G((((confirmPSVParameters & PSVMode) | ((! confirmPSVParameters) & PCVMode)) & ventilating))),(!PSVMode U confirmPSVParameters) & (G(!confirmPSVParameters -> (PCVMode & ventilating))),False
ARTEMIS,60,The switch to PSV shall occur only after the PSV parameters have been confirmed and until that has happened the PCV ventilation shall continue,G(PCVMode -> G((((confirmPSVParameters & PSVMode) | ((! confirmPSVParameters) & PCVMode)) & ventilating))),(!PSVMode U confirmPSVParameters) & (G(!confirmPSVParameters -> (PCVMode & ventilating))),False
ARTEMIS,60,The switch to PSV shall occur only after the PSV parameters have been confirmed and until that has happened the PCV ventilation shall continue,G(PCVMode -> G((((confirmPSVParameters & PSVMode) | ((! confirmPSVParameters) & PCVMode)) & ventilating))),(!PSVMode U confirmPSVParameters) & (G(!confirmPSVParameters -> (PCVMode & ventilating))),False
ARTEMIS,60,The switch to PSV shall occur only after the PSV parameters have been confirmed and until that has happened the PCV ventilation shall continue,G(PCVMode -> G((((confirmPSVParameters & PSVMode) | ((! confirmPSVParameters) & PCVMode)) & ventilating))),(!PSVMode U confirmPSVParameters) & (G(!confirmPSVParameters -> (PCVMode & ventilating))),False
ARTEMIS,60,The switch to PSV shall occur only after the PSV parameters have been confirmed and until that has happened the PCV ventilation shall continue,G(PCVMode -> G((((confirmPSVParameters & PSVMode) | ((! confirmPSVParameters) & PCVMode)) & ventilating))),(!PSVMode U confirmPSVParameters) & G(PSVMode -> F confirmPSVParameters) & (!confirmPSVParameters -> (PCVMode & ventilating)),False
ARTEMIS,60,The switch to PSV shall occur only after the PSV parameters have been confirmed and until that has happened the PCV ventilation shall continue,G(PCVMode -> G((((confirmPSVParameters & PSVMode) | ((! confirmPSVParameters) & PCVMode)) & ventilating))),(!PSVMode U confirmPSVParameters) & (G(!confirmPSVParameters -> (PCVMode & ventilating))),False
ARTEMIS,60,The switch to PSV shall occur only after the PSV parameters have been confirmed and until that has happened the PCV ventilation shall continue,G(PCVMode -> G((((confirmPSVParameters & PSVMode) | ((! confirmPSVParameters) & PCVMode)) & ventilating))),(!PSVMode U confirmPSVParameters) & (G(!confirmPSVParameters -> (PCVMode & ventilating))),False
ARTEMIS,60,The switch to PSV shall occur only after the PSV parameters have been confirmed and until that has happened the PCV ventilation shall continue,G(PCVMode -> G((((confirmPSVParameters & PSVMode) | ((! confirmPSVParameters) & PCVMode)) & ventilating))),(!PSVMode U confirmPSVParameters) & G(PSVMode -> F confirmPSVParameters) & (!confirmPSVParameters -> (PCVMode & ventilating)),False
ARTEMIS,60,The switch to PSV shall occur only after the PSV parameters have been confirmed and until that has happened the PCV ventilation shall continue,G(PCVMode -> G((((confirmPSVParameters & PSVMode) | ((! confirmPSVParameters) & PCVMode)) & ventilating))),(!PSVMode U confirmPSVParameters) & (G(!confirmPSVParameters -> (PCVMode & ventilating))),False
ARTEMIS,60,The switch to PSV shall occur only after the PSV parameters have been confirmed and until that has happened the PCV ventilation shall continue,G(PCVMode -> G((((confirmPSVParameters & PSVMode) | ((! confirmPSVParameters) & PCVMode)) & ventilating))),(!PSVMode U confirmPSVParameters) & (G(!confirmPSVParameters -> (PCVMode & ventilating))),False
ARTEMIS,60,The switch to PSV shall occur only after the PSV parameters have been confirmed and until that has happened the PCV ventilation shall continue,G(PCVMode -> G((((confirmPSVParameters & PSVMode) | ((! confirmPSVParameters) & PCVMode)) & ventilating))),(!PSVMode U confirmPSVParameters) & (G(!confirmPSVParameters -> (PCVMode & ventilating))),False
ARTEMIS,60,The switch to PSV shall occur only after the PSV parameters have been confirmed and until that has happened the PCV ventilation shall continue,G(PCVMode -> G((((confirmPSVParameters & PSVMode) | ((! confirmPSVParameters) & PCVMode)) & ventilating))),(!PSVMode U confirmPSVParameters) & G(PSVMode -> F confirmPSVParameters) & (!confirmPSVParameters -> (PCVMode & ventilating)),False
ARTEMIS,60,The switch to PSV shall occur only after the PSV parameters have been confirmed and until that has happened the PCV ventilation shall continue,G(PCVMode -> G((((confirmPSVParameters & PSVMode) | ((! confirmPSVParameters) & PCVMode)) & ventilating))),(!PSVMode U confirmPSVParameters) & G(PSVMode -> F confirmPSVParameters) & (!confirmPSVParameters -> (PCVMode & ventilating)),False
ARTEMIS,60,The switch to PSV shall occur only after the PSV parameters have been confirmed and until that has happened the PCV ventilation shall continue,G(PCVMode -> G((((confirmPSVParameters & PSVMode) | ((! confirmPSVParameters) & PCVMode)) & ventilating))),(!PSVMode U confirmPSVParameters) & (G(!confirmPSVParameters -> (PCVMode & ventilating))),False
ARTEMIS,60,The switch to PSV shall occur only after the PSV parameters have been confirmed and until that has happened the PCV ventilation shall continue,G(PCVMode -> G((((confirmPSVParameters & PSVMode) | ((! confirmPSVParameters) & PCVMode)) & ventilating))),(!PSVMode U confirmPSVParameters) & (G(!confirmPSVParameters -> (PCVMode & ventilating))),False
ARTEMIS,60,The switch to PSV shall occur only after the PSV parameters have been confirmed and until that has happened the PCV ventilation shall continue,G(PCVMode -> G((((confirmPSVParameters & PSVMode) | ((! confirmPSVParameters) & PCVMode)) & ventilating))),(!PSVMode U confirmPSVParameters) & (G(!confirmPSVParameters -> (PCVMode & ventilating))),False
ARTEMIS,60,The switch to PSV shall occur only after the PSV parameters have been confirmed and until that has happened the PCV ventilation shall continue,G(PCVMode -> G((((confirmPSVParameters & PSVMode) | ((! confirmPSVParameters) & PCVMode)) & ventilating))),(!PSVMode U confirmPSVParameters) & (G(!confirmPSVParameters -> (PCVMode & ventilating))),False
ARTEMIS,60,The switch to PSV shall occur only after the PSV parameters have been confirmed and until that has happened the PCV ventilation shall continue,G(PCVMode -> G((((confirmPSVParameters & PSVMode) | ((! confirmPSVParameters) & PCVMode)) & ventilating))),(!PSVMode U confirmPSVParameters) & (G(!confirmPSVParameters -> (PCVMode & ventilating))),False
ARTEMIS,60,The switch to PSV shall occur only after the PSV parameters have been confirmed and until that has happened the PCV ventilation shall continue,G(PCVMode -> G((((confirmPSVParameters & PSVMode) | ((! confirmPSVParameters) & PCVMode)) & ventilating))),(!PSVMode U confirmPSVParameters) & G(PSVMode -> F confirmPSVParameters) & (!confirmPSVParameters -> (PCVMode & ventilating)),False
ARTEMIS,60,The switch to PSV shall occur only after the PSV parameters have been confirmed and until that has happened the PCV ventilation shall continue,G(PCVMode -> G((((confirmPSVParameters & PSVMode) | ((! confirmPSVParameters) & PCVMode)) & ventilating))),(!PSVMode U confirmPSVParameters) & (G(!confirmPSVParameters -> (PCVMode & ventilating))),False
ARTEMIS,60,The switch to PSV shall occur only after the PSV parameters have been confirmed and until that has happened the PCV ventilation shall continue,G(PCVMode -> G((((confirmPSVParameters & PSVMode) | ((! confirmPSVParameters) & PCVMode)) & ventilating))),(!PSVMode U confirmPSVParameters) & (G(!confirmPSVParameters -> (PCVMode & ventilating))),False
ARTEMIS,60,The switch to PSV shall occur only after the PSV parameters have been confirmed and until that has happened the PCV ventilation shall continue,G(PCVMode -> G((((confirmPSVParameters & PSVMode) | ((! confirmPSVParameters) & PCVMode)) & ventilating))),(!PSVMode U confirmPSVParameters) & G(PSVMode -> F confirmPSVParameters) & (!confirmPSVParameters -> (PCVMode & ventilating)),False
ARTEMIS,60,The switch to PSV shall occur only after the PSV parameters have been confirmed and until that has happened the PCV ventilation shall continue,G(PCVMode -> G((((confirmPSVParameters & PSVMode) | ((! confirmPSVParameters) & PCVMode)) & ventilating))),(!PSVMode U confirmPSVParameters) & (G(!confirmPSVParameters -> (PCVMode & ventilating))),False
ARTEMIS,60,The switch to PSV shall occur only after the PSV parameters have been confirmed and until that has happened the PCV ventilation shall continue,G(PCVMode -> G((((confirmPSVParameters & PSVMode) | ((! confirmPSVParameters) & PCVMode)) & ventilating))),(!PSVMode U confirmPSVParameters) & G(PSVMode -> F confirmPSVParameters) & (!confirmPSVParameters -> (PCVMode & ventilating)),False
ARTEMIS,60,The switch to PSV shall occur only after the PSV parameters have been confirmed and until that has happened the PCV ventilation shall continue,G(PCVMode -> G((((confirmPSVParameters & PSVMode) | ((! confirmPSVParameters) & PCVMode)) & ventilating))),(!PSVMode U confirmPSVParameters) & (G(!confirmPSVParameters -> (PCVMode & ventilating))),False
ARTEMIS,60,The switch to PSV shall occur only after the PSV parameters have been confirmed and until that has happened the PCV ventilation shall continue,G(PCVMode -> G((((confirmPSVParameters & PSVMode) | ((! confirmPSVParameters) & PCVMode)) & ventilating))),(!PSVMode U confirmPSVParameters) & (G(!confirmPSVParameters -> (PCVMode & ventilating))),False
ARTEMIS,60,The switch to PSV shall occur only after the PSV parameters have been confirmed and until that has happened the PCV ventilation shall continue,G(PCVMode -> G((((confirmPSVParameters & PSVMode) | ((! confirmPSVParameters) & PCVMode)) & ventilating))),(!PSVMode U confirmPSVParameters) & (G(!confirmPSVParameters -> (PCVMode & ventilating))),False
ARTEMIS,60,The switch to PSV shall occur only after the PSV parameters have been confirmed and until that has happened the PCV ventilation shall continue,G(PCVMode -> G((((confirmPSVParameters & PSVMode) | ((! confirmPSVParameters) & PCVMode)) & ventilating))),(!PSVMode U confirmPSVParameters) & (G(!confirmPSVParameters -> (PCVMode & ventilating))),False
ARTEMIS,60,The switch to PSV shall occur only after the PSV parameters have been confirmed and until that has happened the PCV ventilation shall continue,G(PCVMode -> G((((confirmPSVParameters & PSVMode) | ((! confirmPSVParameters) & PCVMode)) & ventilating))),(!PSVMode U confirmPSVParameters) & (G(!confirmPSVParameters -> (PCVMode & ventilating))),False
ARTEMIS,60,The switch to PSV shall occur only after the PSV parameters have been confirmed and until that has happened the PCV ventilation shall continue,G(PCVMode -> G((((confirmPSVParameters & PSVMode) | ((! confirmPSVParameters) & PCVMode)) & ventilating))),(!PSVMode U confirmPSVParameters) & (G(!confirmPSVParameters -> (PCVMode & ventilating))),False
ARTEMIS,60,The switch to PSV shall occur only after the PSV parameters have been confirmed and until that has happened the PCV ventilation shall continue,G(PCVMode -> G((((confirmPSVParameters & PSVMode) | ((! confirmPSVParameters) & PCVMode)) & ventilating))),(!PSVMode U confirmPSVParameters) & (G(!confirmPSVParameters -> (PCVMode & ventilating))),False
ARTEMIS,60,The switch to PSV shall occur only after the PSV parameters have been confirmed and until that has happened the PCV ventilation shall continue,G(PCVMode -> G((((confirmPSVParameters & PSVMode) | ((! confirmPSVParameters) & PCVMode)) & ventilating))),(!PSVMode U confirmPSVParameters) & (G(!confirmPSVParameters -> (PCVMode & ventilating))),False
ARTEMIS,60,The switch to PSV shall occur only after the PSV parameters have been confirmed and until that has happened the PCV ventilation shall continue,G(PCVMode -> G((((confirmPSVParameters & PSVMode) | ((! confirmPSVParameters) & PCVMode)) & ventilating))),(!PSVMode U confirmPSVParameters) & (G(!confirmPSVParameters -> (PCVMode & ventilating))),False
ARTEMIS,60,The switch to PSV shall occur only after the PSV parameters have been confirmed and until that has happened the PCV ventilation shall continue,G(PCVMode -> G((((confirmPSVParameters & PSVMode) | ((! confirmPSVParameters) & PCVMode)) & ventilating))),(!PSVMode U confirmPSVParameters) & (G(!confirmPSVParameters -> (PCVMode & ventilating))),False
ARTEMIS,60,The switch to PSV shall occur only after the PSV parameters have been confirmed and until that has happened the PCV ventilation shall continue,G(PCVMode -> G((((confirmPSVParameters & PSVMode) | ((! confirmPSVParameters) & PCVMode)) & ventilating))),(!PSVMode U confirmPSVParameters) & (G(!confirmPSVParameters -> (PCVMode & ventilating))),False
ARTEMIS,60,The switch to PSV shall occur only after the PSV parameters have been confirmed and until that has happened the PCV ventilation shall continue,G(PCVMode -> G((((confirmPSVParameters & PSVMode) | ((! confirmPSVParameters) & PCVMode)) & ventilating))),(!PSVMode U confirmPSVParameters) & (G(!confirmPSVParameters -> (PCVMode & ventilating))),False
ARTEMIS,60,The switch to PSV shall occur only after the PSV parameters have been confirmed and until that has happened the PCV ventilation shall continue,G(PCVMode -> G((((confirmPSVParameters & PSVMode) | ((! confirmPSVParameters) & PCVMode)) & ventilating))),(!PSVMode U confirmPSVParameters) & (G(!confirmPSVParameters -> (PCVMode & ventilating))),False
ARTEMIS,60,The switch to PSV shall occur only after the PSV parameters have been confirmed and until that has happened the PCV ventilation shall continue,G(PCVMode -> G((((confirmPSVParameters & PSVMode) | ((! confirmPSVParameters) & PCVMode)) & ventilating))),(!PSVMode U confirmPSVParameters) & (G(!confirmPSVParameters -> (PCVMode & ventilating))),False
ARTEMIS,60,The switch to PSV shall occur only after the PSV parameters have been confirmed and until that has happened the PCV ventilation shall continue,G(PCVMode -> G((((confirmPSVParameters & PSVMode) | ((! confirmPSVParameters) & PCVMode)) & ventilating))),(!PSVMode U confirmPSVParameters) & (G(!confirmPSVParameters -> (PCVMode & ventilating))),False
ARTEMIS,60,The switch to PSV shall occur only after the PSV parameters have been confirmed and until that has happened the PCV ventilation shall continue,G(PCVMode -> G((((confirmPSVParameters & PSVMode) | ((! confirmPSVParameters) & PCVMode)) & ventilating))),(!PSVMode U confirmPSVParameters) & G(PSVMode -> F confirmPSVParameters) & (!confirmPSVParameters -> (PCVMode & ventilating)),False
ARTEMIS,60,The switch to PSV shall occur only after the PSV parameters have been confirmed and until that has happened the PCV ventilation shall continue,G(PCVMode -> G((((confirmPSVParameters & PSVMode) | ((! confirmPSVParameters) & PCVMode)) & ventilating))),(!PSVMode U confirmPSVParameters) & G(PSVMode -> F confirmPSVParameters) & (!confirmPSVParameters -> (PCVMode & ventilating)),False
ARTEMIS,60,The switch to PSV shall occur only after the PSV parameters have been confirmed and until that has happened the PCV ventilation shall continue,G(PCVMode -> G((((confirmPSVParameters & PSVMode) | ((! confirmPSVParameters) & PCVMode)) & ventilating))),(!PSVMode U confirmPSVParameters) & (G(!confirmPSVParameters -> (PCVMode & ventilating))),False
ARTEMIS,60,The switch to PSV shall occur only after the PSV parameters have been confirmed and until that has happened the PCV ventilation shall continue,G(PCVMode -> G((((confirmPSVParameters & PSVMode) | ((! confirmPSVParameters) & PCVMode)) & ventilating))),(!PSVMode U confirmPSVParameters) & (G(!confirmPSVParameters -> (PCVMode & ventilating))),False
ARTEMIS,60,The switch to PSV shall occur only after the PSV parameters have been confirmed and until that has happened the PCV ventilation shall continue,G(PCVMode -> G((((confirmPSVParameters & PSVMode) | ((! confirmPSVParameters) & PCVMode)) & ventilating))),(!PSVMode U confirmPSVParameters) & (G(!confirmPSVParameters -> (PCVMode & ventilating))),False
ARTEMIS,60,The switch to PSV shall occur only after the PSV parameters have been confirmed and until that has happened the PCV ventilation shall continue,G(PCVMode -> G((((confirmPSVParameters & PSVMode) | ((! confirmPSVParameters) & PCVMode)) & ventilating))),(!PSVMode U confirmPSVParameters) & (G(!confirmPSVParameters -> (PCVMode & ventilating))),False
ARTEMIS,60,The switch to PSV shall occur only after the PSV parameters have been confirmed and until that has happened the PCV ventilation shall continue,G(PCVMode -> G((((confirmPSVParameters & PSVMode) | ((! confirmPSVParameters) & PCVMode)) & ventilating))),(!PSVMode U confirmPSVParameters) & (G(!confirmPSVParameters -> (PCVMode & ventilating))),False
ARTEMIS,60,The switch to PSV shall occur only after the PSV parameters have been confirmed and until that has happened the PCV ventilation shall continue,G(PCVMode -> G((((confirmPSVParameters & PSVMode) | ((! confirmPSVParameters) & PCVMode)) & ventilating))),(!PSVMode U confirmPSVParameters) & (G(!confirmPSVParameters -> (PCVMode & ventilating))),False
ARTEMIS,60,The switch to PSV shall occur only after the PSV parameters have been confirmed and until that has happened the PCV ventilation shall continue,G(PCVMode -> G((((confirmPSVParameters & PSVMode) | ((! confirmPSVParameters) & PCVMode)) & ventilating))),(!PSVMode U confirmPSVParameters) & (G(!confirmPSVParameters -> (PCVMode & ventilating))),False
ARTEMIS,60,The switch to PSV shall occur only after the PSV parameters have been confirmed and until that has happened the PCV ventilation shall continue,G(PCVMode -> G((((confirmPSVParameters & PSVMode) | ((! confirmPSVParameters) & PCVMode)) & ventilating))),(!PSVMode U confirmPSVParameters) & (G(!confirmPSVParameters -> (PCVMode & ventilating))),False
ARTEMIS,60,The switch to PSV shall occur only after the PSV parameters have been confirmed and until that has happened the PCV ventilation shall continue,G(PCVMode -> G((((confirmPSVParameters & PSVMode) | ((! confirmPSVParameters) & PCVMode)) & ventilating))),(!PSVMode U confirmPSVParameters) & (G(!confirmPSVParameters -> (PCVMode & ventilating))),False
ARTEMIS,60,The switch to PSV shall occur only after the PSV parameters have been confirmed and until that has happened the PCV ventilation shall continue,G(PCVMode -> G((((confirmPSVParameters & PSVMode) | ((! confirmPSVParameters) & PCVMode)) & ventilating))),(!PSVMode U confirmPSVParameters) & (G(!confirmPSVParameters -> (PCVMode & ventilating))),False
ARTEMIS,60,The switch to PSV shall occur only after the PSV parameters have been confirmed and until that has happened the PCV ventilation shall continue,G(PCVMode -> G((((confirmPSVParameters & PSVMode) | ((! confirmPSVParameters) & PCVMode)) & ventilating))),(!PSVMode U confirmPSVParameters) & (G(!confirmPSVParameters -> (PCVMode & ventilating))),False
ARTEMIS,60,The switch to PSV shall occur only after the PSV parameters have been confirmed and until that has happened the PCV ventilation shall continue,G(PCVMode -> G((((confirmPSVParameters & PSVMode) | ((! confirmPSVParameters) & PCVMode)) & ventilating))),(!PSVMode U confirmPSVParameters) & (G(!confirmPSVParameters -> (PCVMode & ventilating))),False
ARTEMIS,60,The switch to PSV shall occur only after the PSV parameters have been confirmed and until that has happened the PCV ventilation shall continue,G(PCVMode -> G((((confirmPSVParameters & PSVMode) | ((! confirmPSVParameters) & PCVMode)) & ventilating))),(!PSVMode U confirmPSVParameters) & (G(!confirmPSVParameters -> (PCVMode & ventilating))),False
ARTEMIS,60,The switch to PSV shall occur only after the PSV parameters have been confirmed and until that has happened the PCV ventilation shall continue,G(PCVMode -> G((((confirmPSVParameters & PSVMode) | ((! confirmPSVParameters) & PCVMode)) & ventilating))),(!PSVMode U confirmPSVParameters) & (G(!confirmPSVParameters -> (PCVMode & ventilating))),False
ARTEMIS,60,The switch to PSV shall occur only after the PSV parameters have been confirmed and until that has happened the PCV ventilation shall continue,G(PCVMode -> G((((confirmPSVParameters & PSVMode) | ((! confirmPSVParameters) & PCVMode)) & ventilating))),(!PSVMode U confirmPSVParameters) & (G(!confirmPSVParameters -> (PCVMode & ventilating))),False
ARTEMIS,60,The switch to PSV shall occur only after the PSV parameters have been confirmed and until that has happened the PCV ventilation shall continue,G(PCVMode -> G((((confirmPSVParameters & PSVMode) | ((! confirmPSVParameters) & PCVMode)) & ventilating))),(!PSVMode U confirmPSVParameters) & (G(!confirmPSVParameters -> (PCVMode & ventilating))),False
ARTEMIS,60,The switch to PSV shall occur only after the PSV parameters have been confirmed and until that has happened the PCV ventilation shall continue,G(PCVMode -> G((((confirmPSVParameters & PSVMode) | ((! confirmPSVParameters) & PCVMode)) & ventilating))),(!PSVMode U confirmPSVParameters) & (G(!confirmPSVParameters -> (PCVMode & ventilating))),False
ARTEMIS,60,The switch to PSV shall occur only after the PSV parameters have been confirmed and until that has happened the PCV ventilation shall continue,G(PCVMode -> G((((confirmPSVParameters & PSVMode) | ((! confirmPSVParameters) & PCVMode)) & ventilating))),(!PSVMode U confirmPSVParameters) & (G(!confirmPSVParameters -> (PCVMode & ventilating))),False
ARTEMIS,60,The switch to PSV shall occur only after the PSV parameters have been confirmed and until that has happened the PCV ventilation shall continue,G(PCVMode -> G((((confirmPSVParameters & PSVMode) | ((! confirmPSVParameters) & PCVMode)) & ventilating))),(!PSVMode U confirmPSVParameters) & G(PSVMode -> F confirmPSVParameters) & (!confirmPSVParameters -> (PCVMode & ventilating)),False
ARTEMIS,60,The switch to PSV shall occur only after the PSV parameters have been confirmed and until that has happened the PCV ventilation shall continue,G(PCVMode -> G((((confirmPSVParameters & PSVMode) | ((! confirmPSVParameters) & PCVMode)) & ventilating))),(!PSVMode U confirmPSVParameters) & (G(!confirmPSVParameters -> (PCVMode & ventilating))),False
ARTEMIS,60,The switch to PSV shall occur only after the PSV parameters have been confirmed and until that has happened the PCV ventilation shall continue,G(PCVMode -> G((((confirmPSVParameters & PSVMode) | ((! confirmPSVParameters) & PCVMode)) & ventilating))),(!PSVMode U confirmPSVParameters) & (G(!confirmPSVParameters -> (PCVMode & ventilating))),False
ARTEMIS,60,The switch to PSV shall occur only after the PSV parameters have been confirmed and until that has happened the PCV ventilation shall continue,G(PCVMode -> G((((confirmPSVParameters & PSVMode) | ((! confirmPSVParameters) & PCVMode)) & ventilating))),(!PSVMode U confirmPSVParameters) & (G(!confirmPSVParameters -> (PCVMode & ventilating))),False
ARTEMIS,60,The switch to PSV shall occur only after the PSV parameters have been confirmed and until that has happened the PCV ventilation shall continue,G(PCVMode -> G((((confirmPSVParameters & PSVMode) | ((! confirmPSVParameters) & PCVMode)) & ventilating))),(!PSVMode U confirmPSVParameters) & G(PSVMode -> F confirmPSVParameters) & (!confirmPSVParameters -> (PCVMode & ventilating)),False
ARTEMIS,60,The switch to PSV shall occur only after the PSV parameters have been confirmed and until that has happened the PCV ventilation shall continue,G(PCVMode -> G((((confirmPSVParameters & PSVMode) | ((! confirmPSVParameters) & PCVMode)) & ventilating))),(!PSVMode U confirmPSVParameters) & (G(!confirmPSVParameters -> (PCVMode & ventilating))),False
ARTEMIS,60,The switch to PSV shall occur only after the PSV parameters have been confirmed and until that has happened the PCV ventilation shall continue,G(PCVMode -> G((((confirmPSVParameters & PSVMode) | ((! confirmPSVParameters) & PCVMode)) & ventilating))),(!PSVMode U confirmPSVParameters) & G(PSVMode -> F confirmPSVParameters) & (!confirmPSVParameters -> (PCVMode & ventilating)),False
ARTEMIS,60,The switch to PSV shall occur only after the PSV parameters have been confirmed and until that has happened the PCV ventilation shall continue,G(PCVMode -> G((((confirmPSVParameters & PSVMode) | ((! confirmPSVParameters) & PCVMode)) & ventilating))),(!PSVMode U confirmPSVParameters) & (G(!confirmPSVParameters -> (PCVMode & ventilating))),False
ARTEMIS,60,The switch to PSV shall occur only after the PSV parameters have been confirmed and until that has happened the PCV ventilation shall continue,G(PCVMode -> G((((confirmPSVParameters & PSVMode) | ((! confirmPSVParameters) & PCVMode)) & ventilating))),(!PSVMode U confirmPSVParameters) & G(PSVMode -> F confirmPSVParameters) & (!confirmPSVParameters -> (PCVMode & ventilating)),False
ARTEMIS,60,The switch to PSV shall occur only after the PSV parameters have been confirmed and until that has happened the PCV ventilation shall continue,G(PCVMode -> G((((confirmPSVParameters & PSVMode) | ((! confirmPSVParameters) & PCVMode)) & ventilating))),(!PSVMode U confirmPSVParameters) & G(PSVMode -> F confirmPSVParameters) & (!confirmPSVParameters -> (PCVMode & ventilating)),False
ARTEMIS,60,The switch to PSV shall occur only after the PSV parameters have been confirmed and until that has happened the PCV ventilation shall continue,G(PCVMode -> G((((confirmPSVParameters & PSVMode) | ((! confirmPSVParameters) & PCVMode)) & ventilating))),(!PSVMode U confirmPSVParameters) & (G(!confirmPSVParameters -> (PCVMode & ventilating))),False
ARTEMIS,60,The switch to PSV shall occur only after the PSV parameters have been confirmed and until that has happened the PCV ventilation shall continue,G(PCVMode -> G((((confirmPSVParameters & PSVMode) | ((! confirmPSVParameters) & PCVMode)) & ventilating))),(!PSVMode U confirmPSVParameters) & (G(!confirmPSVParameters -> (PCVMode & ventilating))),False
ARTEMIS,60,The switch to PSV shall occur only after the PSV parameters have been confirmed and until that has happened the PCV ventilation shall continue,G(PCVMode -> G((((confirmPSVParameters & PSVMode) | ((! confirmPSVParameters) & PCVMode)) & ventilating))),(!PSVMode U confirmPSVParameters) & (G(!confirmPSVParameters -> (PCVMode & ventilating))),False
ARTEMIS,60,The switch to PSV shall occur only after the PSV parameters have been confirmed and until that has happened the PCV ventilation shall continue,G(PCVMode -> G((((confirmPSVParameters & PSVMode) | ((! confirmPSVParameters) & PCVMode)) & ventilating))),(!PSVMode U confirmPSVParameters) & (G(!confirmPSVParameters -> (PCVMode & ventilating))),False
ARTEMIS,60,The switch to PSV shall occur only after the PSV parameters have been confirmed and until that has happened the PCV ventilation shall continue,G(PCVMode -> G((((confirmPSVParameters & PSVMode) | ((! confirmPSVParameters) & PCVMode)) & ventilating))),(!PSVMode U confirmPSVParameters) & (G(!confirmPSVParameters -> (PCVMode & ventilating))),False
ARTEMIS,60,The switch to PSV shall occur only after the PSV parameters have been confirmed and until that has happened the PCV ventilation shall continue,G(PCVMode -> G((((confirmPSVParameters & PSVMode) | ((! confirmPSVParameters) & PCVMode)) & ventilating))),(!PSVMode U confirmPSVParameters) & G(PSVMode -> F confirmPSVParameters) & (!confirmPSVParameters -> (PCVMode & ventilating)),False
ARTEMIS,60,The switch to PSV shall occur only after the PSV parameters have been confirmed and until that has happened the PCV ventilation shall continue,G(PCVMode -> G((((confirmPSVParameters & PSVMode) | ((! confirmPSVParameters) & PCVMode)) & ventilating))),(!PSVMode U confirmPSVParameters) & (G(!confirmPSVParameters -> (PCVMode & ventilating))),False
ARTEMIS,60,The switch to PSV shall occur only after the PSV parameters have been confirmed and until that has happened the PCV ventilation shall continue,G(PCVMode -> G((((confirmPSVParameters & PSVMode) | ((! confirmPSVParameters) & PCVMode)) & ventilating))),(!PSVMode U confirmPSVParameters) & (G(!confirmPSVParameters -> (PCVMode & ventilating))),False
ARTEMIS,74,The system shall log key parameters and save them before being powered off.,((logParams & saveLog U off)),G(off -> (F saveLog & F logParams)),False
ARTEMIS,74,The system shall log key parameters and save them before being powered off.,((logParams & saveLog U off)),G(off -> (F logParams & F saveLog)),False
ARTEMIS,74,The system shall log key parameters and save them before being powered off.,((logParams & saveLog U off)),G(off -> (F logParams & F saveLog)),False
ARTEMIS,74,The system shall log key parameters and save them before being powered off.,((logParams & saveLog U off)),G(off -> (F logParams & F saveLog)),False
ARTEMIS,74,The system shall log key parameters and save them before being powered off.,((logParams & saveLog U off)),G(off -> (F logParams & F saveLog)),False
ARTEMIS,74,The system shall log key parameters and save them before being powered off.,((logParams & saveLog U off)),G(off -> (F logParams & F saveLog)),False
ARTEMIS,74,The system shall log key parameters and save them before being powered off.,((logParams & saveLog U off)),G(off -> (F logParams & F saveLog)),False
ARTEMIS,74,The system shall log key parameters and save them before being powered off.,((logParams & saveLog U off)),G(off -> (F logParams & F saveLog)),False
ARTEMIS,74,The system shall log key parameters and save them before being powered off.,((logParams & saveLog U off)),G(off -> (F logParams & F saveLog)),False
ARTEMIS,74,The system shall log key parameters and save them before being powered off.,((logParams & saveLog U off)),G(off -> (F saveLog & F logParams)),False
ARTEMIS,74,The system shall log key parameters and save them before being powered off.,((logParams & saveLog U off)),G(off -> (F logParams & F saveLog)),False
ARTEMIS,74,The system shall log key parameters and save them before being powered off.,((logParams & saveLog U off)),G(off -> (F logParams & F saveLog)),False
ARTEMIS,74,The system shall log key parameters and save them before being powered off.,((logParams & saveLog U off)),G(off -> (F logParams & F saveLog)),False
ARTEMIS,74,The system shall log key parameters and save them before being powered off.,((logParams & saveLog U off)),G(off -> (F logParams & F saveLog)),False
ARTEMIS,74,The system shall log key parameters and save them before being powered off.,((logParams & saveLog U off)),G(off -> (F logParams & F saveLog)),False
ARTEMIS,74,The system shall log key parameters and save them before being powered off.,((logParams & saveLog U off)),G(off -> (F logParams & F saveLog)),False
ARTEMIS,74,The system shall log key parameters and save them before being powered off.,((logParams & saveLog U off)),G(off -> (F logParams & F saveLog)),False
ARTEMIS,74,The system shall log key parameters and save them before being powered off.,((logParams & saveLog U off)),G(off -> (F logParams & F saveLog)),False
ARTEMIS,74,The system shall log key parameters and save them before being powered off.,((logParams & saveLog U off)),G(off -> (F logParams & F saveLog)),False
ARTEMIS,74,The system shall log key parameters and save them before being powered off.,((logParams & saveLog U off)),G(off -> (F logParams & F saveLog)),False
ARTEMIS,74,The system shall log key parameters and save them before being powered off.,((logParams & saveLog U off)),G(off -> (F logParams & F saveLog)),False
ARTEMIS,74,The system shall log key parameters and save them before being powered off.,((logParams & saveLog U off)),G(off -> (F logParams & F saveLog)),False
ARTEMIS,74,The system shall log key parameters and save them before being powered off.,((logParams & saveLog U off)),G(off -> (F logParams & F saveLog)),False
ARTEMIS,74,The system shall log key parameters and save them before being powered off.,((logParams & saveLog U off)),G(off -> (F logParams & F saveLog)),False
ARTEMIS,74,The system shall log key parameters and save them before being powered off.,((logParams & saveLog U off)),G(off -> (F logParams & F saveLog)),False
ARTEMIS,74,The system shall log key parameters and save them before being powered off.,((logParams & saveLog U off)),G(off -> (F logParams & F saveLog)),False
ARTEMIS,74,The system shall log key parameters and save them before being powered off.,((logParams & saveLog U off)),G(off -> (F logParams & F saveLog)),False
ARTEMIS,74,The system shall log key parameters and save them before being powered off.,((logParams & saveLog U off)),G(off -> (F logParams & F saveLog)),False
ARTEMIS,74,The system shall log key parameters and save them before being powered off.,((logParams & saveLog U off)),G(off -> (F logParams & F saveLog)),False
ARTEMIS,74,The system shall log key parameters and save them before being powered off.,((logParams & saveLog U off)),G(off -> (F logParams & F saveLog)),False
ARTEMIS,74,The system shall log key parameters and save them before being powered off.,((logParams & saveLog U off)),G(off -> (F saveLog & F logParams)),False
ARTEMIS,74,The system shall log key parameters and save them before being powered off.,((logParams & saveLog U off)),G(off -> (F logParams & F saveLog)),False
ARTEMIS,74,The system shall log key parameters and save them before being powered off.,((logParams & saveLog U off)),G(off -> (F logParams & F saveLog)),False
ARTEMIS,74,The system shall log key parameters and save them before being powered off.,((logParams & saveLog U off)),G(off -> (F logParams & F saveLog)),False
ARTEMIS,74,The system shall log key parameters and save them before being powered off.,((logParams & saveLog U off)),G(off -> (F logParams & F saveLog)),False
ARTEMIS,74,The system shall log key parameters and save them before being powered off.,((logParams & saveLog U off)),G(off -> (F logParams & F saveLog)),False
ARTEMIS,74,The system shall log key parameters and save them before being powered off.,((logParams & saveLog U off)),G(off -> (F logParams & F saveLog)),False
ARTEMIS,74,The system shall log key parameters and save them before being powered off.,((logParams & saveLog U off)),G(off -> (F logParams & F saveLog)),False
ARTEMIS,74,The system shall log key parameters and save them before being powered off.,((logParams & saveLog U off)),G(off -> (F logParams & F saveLog)),False
ARTEMIS,74,The system shall log key parameters and save them before being powered off.,((logParams & saveLog U off)),G(off -> (F logParams & F saveLog)),False
ARTEMIS,74,The system shall log key parameters and save them before being powered off.,((logParams & saveLog U off)),G(off -> (F logParams & F saveLog)),False
ARTEMIS,74,The system shall log key parameters and save them before being powered off.,((logParams & saveLog U off)),G(off -> (F logParams & F saveLog)),False
ARTEMIS,74,The system shall log key parameters and save them before being powered off.,((logParams & saveLog U off)),G(off -> (F logParams & F saveLog)),False
ARTEMIS,74,The system shall log key parameters and save them before being powered off.,((logParams & saveLog U off)),G(off -> (F logParams & F saveLog)),False
ARTEMIS,74,The system shall log key parameters and save them before being powered off.,((logParams & saveLog U off)),G(off -> (F saveLog & F logParams)),False
ARTEMIS,74,The system shall log key parameters and save them before being powered off.,((logParams & saveLog U off)),G(off -> (F logParams & F saveLog)),False
ARTEMIS,74,The system shall log key parameters and save them before being powered off.,((logParams & saveLog U off)),G(off -> (F logParams & F saveLog)),False
ARTEMIS,74,The system shall log key parameters and save them before being powered off.,((logParams & saveLog U off)),G(off -> (F logParams & F saveLog)),False
ARTEMIS,74,The system shall log key parameters and save them before being powered off.,((logParams & saveLog U off)),G(off -> (F logParams & F saveLog)),False
ARTEMIS,74,The system shall log key parameters and save them before being powered off.,((logParams & saveLog U off)),G(off -> (F logParams & F saveLog)),False
ARTEMIS,74,The system shall log key parameters and save them before being powered off.,((logParams & saveLog U off)),G(off -> (F saveLog & F logParams)),False
ARTEMIS,74,The system shall log key parameters and save them before being powered off.,((logParams & saveLog U off)),G(off -> (F logParams & F saveLog)),False
ARTEMIS,74,The system shall log key parameters and save them before being powered off.,((logParams & saveLog U off)),G(off -> (F logParams & F saveLog)),False
ARTEMIS,74,The system shall log key parameters and save them before being powered off.,((logParams & saveLog U off)),G(off -> (F logParams & F saveLog)),False
ARTEMIS,74,The system shall log key parameters and save them before being powered off.,((logParams & saveLog U off)),G(off -> (F logParams & F saveLog)),False
ARTEMIS,74,The system shall log key parameters and save them before being powered off.,((logParams & saveLog U off)),G(off -> (F logParams & F saveLog)),False
ARTEMIS,74,The system shall log key parameters and save them before being powered off.,((logParams & saveLog U off)),G(off -> (F logParams & F saveLog)),False
ARTEMIS,74,The system shall log key parameters and save them before being powered off.,((logParams & saveLog U off)),G(off -> (F logParams & F saveLog)),False
ARTEMIS,74,The system shall log key parameters and save them before being powered off.,((logParams & saveLog U off)),G(off -> (F logParams & F saveLog)),False
ARTEMIS,74,The system shall log key parameters and save them before being powered off.,((logParams & saveLog U off)),G(off -> (F logParams & F saveLog)),False
ARTEMIS,74,The system shall log key parameters and save them before being powered off.,((logParams & saveLog U off)),G(off -> (F logParams & F saveLog)),False
ARTEMIS,74,The system shall log key parameters and save them before being powered off.,((logParams & saveLog U off)),G(off -> (F logParams & F saveLog)),False
ARTEMIS,74,The system shall log key parameters and save them before being powered off.,((logParams & saveLog U off)),G(off -> (F logParams & F saveLog)),False
ARTEMIS,74,The system shall log key parameters and save them before being powered off.,((logParams & saveLog U off)),G(off -> (F logParams & F saveLog)),False
ARTEMIS,74,The system shall log key parameters and save them before being powered off.,((logParams & saveLog U off)),G(off -> (F logParams & F saveLog)),False
ARTEMIS,74,The system shall log key parameters and save them before being powered off.,((logParams & saveLog U off)),G(off -> (F saveLog & F logParams)),False
ARTEMIS,74,The system shall log key parameters and save them before being powered off.,((logParams & saveLog U off)),G(off -> (F logParams & F saveLog)),False
ARTEMIS,74,The system shall log key parameters and save them before being powered off.,((logParams & saveLog U off)),G(off -> (F saveLog & F logParams)),False
ARTEMIS,74,The system shall log key parameters and save them before being powered off.,((logParams & saveLog U off)),G(off -> (F saveLog & F logParams)),False
ARTEMIS,74,The system shall log key parameters and save them before being powered off.,((logParams & saveLog U off)),G(off -> (F logParams & F saveLog)),False
ARTEMIS,74,The system shall log key parameters and save them before being powered off.,((logParams & saveLog U off)),G(off -> (F logParams & F saveLog)),False
ARTEMIS,74,The system shall log key parameters and save them before being powered off.,((logParams & saveLog U off)),G(off -> (F logParams & F saveLog)),False
ARTEMIS,74,The system shall log key parameters and save them before being powered off.,((logParams & saveLog U off)),G(off -> (F logParams & F saveLog)),False
ARTEMIS,74,The system shall log key parameters and save them before being powered off.,((logParams & saveLog U off)),G(off -> (F saveLog & F logParams)),False
ARTEMIS,74,The system shall log key parameters and save them before being powered off.,((logParams & saveLog U off)),G(off -> (F logParams & F saveLog)),False
ARTEMIS,74,The system shall log key parameters and save them before being powered off.,((logParams & saveLog U off)),G(off -> (F logParams & F saveLog)),False
ARTEMIS,74,The system shall log key parameters and save them before being powered off.,((logParams & saveLog U off)),G(off -> (F logParams & F saveLog)),False
ARTEMIS,74,The system shall log key parameters and save them before being powered off.,((logParams & saveLog U off)),G(off -> (F logParams & F saveLog)),False
ARTEMIS,74,The system shall log key parameters and save them before being powered off.,((logParams & saveLog U off)),G(off -> (F logParams & F saveLog)),False
ARTEMIS,74,The system shall log key parameters and save them before being powered off.,((logParams & saveLog U off)),G(off -> (F logParams & F saveLog)),False
ARTEMIS,74,The system shall log key parameters and save them before being powered off.,((logParams & saveLog U off)),G(off -> (F logParams & F saveLog)),False
ARTEMIS,74,The system shall log key parameters and save them before being powered off.,((logParams & saveLog U off)),G(off -> (F logParams & F saveLog)),False
ARTEMIS,74,The system shall log key parameters and save them before being powered off.,((logParams & saveLog U off)),G(off -> (F logParams & F saveLog)),False
ARTEMIS,74,The system shall log key parameters and save them before being powered off.,((logParams & saveLog U off)),G(off -> (F logParams & F saveLog)),False
ARTEMIS,74,The system shall log key parameters and save them before being powered off.,((logParams & saveLog U off)),G(off -> (F saveLog & F logParams)),False
ARTEMIS,74,The system shall log key parameters and save them before being powered off.,((logParams & saveLog U off)),G(off -> (F logParams & F saveLog)),False
ARTEMIS,74,The system shall log key parameters and save them before being powered off.,((logParams & saveLog U off)),G(off -> (F logParams & F saveLog)),False
ARTEMIS,74,The system shall log key parameters and save them before being powered off.,((logParams & saveLog U off)),G(off -> (F logParams & F saveLog)),False
ARTEMIS,74,The system shall log key parameters and save them before being powered off.,((logParams & saveLog U off)),G(off -> (F saveLog & F logParams)),False
ARTEMIS,74,The system shall log key parameters and save them before being powered off.,((logParams & saveLog U off)),G(off -> (F logParams & F saveLog)),False
ARTEMIS,74,The system shall log key parameters and save them before being powered off.,((logParams & saveLog U off)),G(off -> (F logParams & F saveLog)),False
ARTEMIS,74,The system shall log key parameters and save them before being powered off.,((logParams & saveLog U off)),G(off -> (F logParams & F saveLog)),False
ARTEMIS,74,The system shall log key parameters and save them before being powered off.,((logParams & saveLog U off)),G(off -> (F logParams & F saveLog)),False
ARTEMIS,74,The system shall log key parameters and save them before being powered off.,((logParams & saveLog U off)),G(off -> (F logParams & F saveLog)),False
ARTEMIS,74,The system shall log key parameters and save them before being powered off.,((logParams & saveLog U off)),G(off -> (F logParams & F saveLog)),False
ARTEMIS,74,The system shall log key parameters and save them before being powered off.,((logParams & saveLog U off)),G(off -> (F logParams & F saveLog)),False
ARTEMIS,74,The system shall log key parameters and save them before being powered off.,((logParams & saveLog U off)),G(off -> (F logParams & F saveLog)),False
ARTEMIS,74,The system shall log key parameters and save them before being powered off.,((logParams & saveLog U off)),G(off -> (F logParams & F saveLog)),False
ARTEMIS,74,The system shall log key parameters and save them before being powered off.,((logParams & saveLog U off)),G(off -> (F logParams & F saveLog)),False
ARTEMIS,74,The system shall log key parameters and save them before being powered off.,((logParams & saveLog U off)),G(off -> (F logParams & F saveLog)),False
ARTEMIS,96,The transition to Start-up Mode shall be allowed by pushing the power button located on the back side of the ventilator unit to turn it on,!(off & powerButton) U ((off & powerButton) & ((StartUpMode))),G(powerButton & off -> F StartUpMode),False
ARTEMIS,96,The transition to Start-up Mode shall be allowed by pushing the power button located on the back side of the ventilator unit to turn it on,!(off & powerButton) U ((off & powerButton) & ((StartUpMode))),G(powerButton & off -> F StartUpMode),False
ARTEMIS,96,The transition to Start-up Mode shall be allowed by pushing the power button located on the back side of the ventilator unit to turn it on,!(off & powerButton) U ((off & powerButton) & ((StartUpMode))),G(powerButton & off -> F StartUpMode),False
ARTEMIS,96,The transition to Start-up Mode shall be allowed by pushing the power button located on the back side of the ventilator unit to turn it on,!(off & powerButton) U ((off & powerButton) & ((StartUpMode))),G(powerButton & off -> F StartUpMode),False
ARTEMIS,96,The transition to Start-up Mode shall be allowed by pushing the power button located on the back side of the ventilator unit to turn it on,!(off & powerButton) U ((off & powerButton) & ((StartUpMode))),G(powerButton & off -> F StartUpMode),False
ARTEMIS,96,The transition to Start-up Mode shall be allowed by pushing the power button located on the back side of the ventilator unit to turn it on,!(off & powerButton) U ((off & powerButton) & ((StartUpMode))),G(powerButton & off -> F StartUpMode),False
ARTEMIS,96,The transition to Start-up Mode shall be allowed by pushing the power button located on the back side of the ventilator unit to turn it on,!(off & powerButton) U ((off & powerButton) & ((StartUpMode))),G(powerButton & off -> F StartUpMode),False
ARTEMIS,96,The transition to Start-up Mode shall be allowed by pushing the power button located on the back side of the ventilator unit to turn it on,!(off & powerButton) U ((off & powerButton) & ((StartUpMode))),G(powerButton & off -> F StartUpMode),False
ARTEMIS,96,The transition to Start-up Mode shall be allowed by pushing the power button located on the back side of the ventilator unit to turn it on,!(off & powerButton) U ((off & powerButton) & ((StartUpMode))),G(powerButton & off -> F StartUpMode),False
ARTEMIS,96,The transition to Start-up Mode shall be allowed by pushing the power button located on the back side of the ventilator unit to turn it on,!(off & powerButton) U ((off & powerButton) & ((StartUpMode))),G(powerButton & off -> F StartUpMode),False
ARTEMIS,96,The transition to Start-up Mode shall be allowed by pushing the power button located on the back side of the ventilator unit to turn it on,!(off & powerButton) U ((off & powerButton) & ((StartUpMode))),G(powerButton -> F StartUpMode),False
ARTEMIS,96,The transition to Start-up Mode shall be allowed by pushing the power button located on the back side of the ventilator unit to turn it on,!(off & powerButton) U ((off & powerButton) & ((StartUpMode))),G(powerButton & off -> F StartUpMode),False
ARTEMIS,96,The transition to Start-up Mode shall be allowed by pushing the power button located on the back side of the ventilator unit to turn it on,!(off & powerButton) U ((off & powerButton) & ((StartUpMode))),G(powerButton & off -> F StartUpMode),False
ARTEMIS,96,The transition to Start-up Mode shall be allowed by pushing the power button located on the back side of the ventilator unit to turn it on,!(off & powerButton) U ((off & powerButton) & ((StartUpMode))),G(powerButton & off -> F StartUpMode),False
ARTEMIS,96,The transition to Start-up Mode shall be allowed by pushing the power button located on the back side of the ventilator unit to turn it on,!(off & powerButton) U ((off & powerButton) & ((StartUpMode))),G(powerButton & off -> F StartUpMode),False
ARTEMIS,96,The transition to Start-up Mode shall be allowed by pushing the power button located on the back side of the ventilator unit to turn it on,!(off & powerButton) U ((off & powerButton) & ((StartUpMode))),G(powerButton & off -> F StartUpMode),False
ARTEMIS,96,The transition to Start-up Mode shall be allowed by pushing the power button located on the back side of the ventilator unit to turn it on,!(off & powerButton) U ((off & powerButton) & ((StartUpMode))),G(powerButton & off -> F StartUpMode),False
ARTEMIS,96,The transition to Start-up Mode shall be allowed by pushing the power button located on the back side of the ventilator unit to turn it on,!(off & powerButton) U ((off & powerButton) & ((StartUpMode))),G(powerButton & off -> F StartUpMode),False
ARTEMIS,96,The transition to Start-up Mode shall be allowed by pushing the power button located on the back side of the ventilator unit to turn it on,!(off & powerButton) U ((off & powerButton) & ((StartUpMode))),G(powerButton & off -> F StartUpMode),False
ARTEMIS,96,The transition to Start-up Mode shall be allowed by pushing the power button located on the back side of the ventilator unit to turn it on,!(off & powerButton) U ((off & powerButton) & ((StartUpMode))),G(powerButton & off -> F StartUpMode),False
ARTEMIS,96,The transition to Start-up Mode shall be allowed by pushing the power button located on the back side of the ventilator unit to turn it on,!(off & powerButton) U ((off & powerButton) & ((StartUpMode))),G(powerButton & off -> F StartUpMode),False
ARTEMIS,96,The transition to Start-up Mode shall be allowed by pushing the power button located on the back side of the ventilator unit to turn it on,!(off & powerButton) U ((off & powerButton) & ((StartUpMode))),G(powerButton & off -> F StartUpMode),False
ARTEMIS,96,The transition to Start-up Mode shall be allowed by pushing the power button located on the back side of the ventilator unit to turn it on,!(off & powerButton) U ((off & powerButton) & ((StartUpMode))),G(powerButton & off -> F StartUpMode),False
ARTEMIS,96,The transition to Start-up Mode shall be allowed by pushing the power button located on the back side of the ventilator unit to turn it on,!(off & powerButton) U ((off & powerButton) & ((StartUpMode))),G(powerButton & off -> F StartUpMode),False
ARTEMIS,96,The transition to Start-up Mode shall be allowed by pushing the power button located on the back side of the ventilator unit to turn it on,!(off & powerButton) U ((off & powerButton) & ((StartUpMode))),G(powerButton & off -> F StartUpMode),False
ARTEMIS,96,The transition to Start-up Mode shall be allowed by pushing the power button located on the back side of the ventilator unit to turn it on,!(off & powerButton) U ((off & powerButton) & ((StartUpMode))),G(powerButton & off -> F StartUpMode),False
ARTEMIS,96,The transition to Start-up Mode shall be allowed by pushing the power button located on the back side of the ventilator unit to turn it on,!(off & powerButton) U ((off & powerButton) & ((StartUpMode))),G(powerButton & off -> F StartUpMode),False
ARTEMIS,96,The transition to Start-up Mode shall be allowed by pushing the power button located on the back side of the ventilator unit to turn it on,!(off & powerButton) U ((off & powerButton) & ((StartUpMode))),G(powerButton & off -> F StartUpMode),False
ARTEMIS,96,The transition to Start-up Mode shall be allowed by pushing the power button located on the back side of the ventilator unit to turn it on,!(off & powerButton) U ((off & powerButton) & ((StartUpMode))),G(powerButton & off -> F StartUpMode),False
ARTEMIS,96,The transition to Start-up Mode shall be allowed by pushing the power button located on the back side of the ventilator unit to turn it on,!(off & powerButton) U ((off & powerButton) & ((StartUpMode))),G(powerButton & off -> F StartUpMode),False
ARTEMIS,96,The transition to Start-up Mode shall be allowed by pushing the power button located on the back side of the ventilator unit to turn it on,!(off & powerButton) U ((off & powerButton) & ((StartUpMode))),G(powerButton & off -> F StartUpMode),False
ARTEMIS,96,The transition to Start-up Mode shall be allowed by pushing the power button located on the back side of the ventilator unit to turn it on,!(off & powerButton) U ((off & powerButton) & ((StartUpMode))),G(powerButton & off -> F StartUpMode),False
ARTEMIS,96,The transition to Start-up Mode shall be allowed by pushing the power button located on the back side of the ventilator unit to turn it on,!(off & powerButton) U ((off & powerButton) & ((StartUpMode))),G(powerButton & off -> F StartUpMode),False
ARTEMIS,96,The transition to Start-up Mode shall be allowed by pushing the power button located on the back side of the ventilator unit to turn it on,!(off & powerButton) U ((off & powerButton) & ((StartUpMode))),G(powerButton & off -> F StartUpMode),False
ARTEMIS,96,The transition to Start-up Mode shall be allowed by pushing the power button located on the back side of the ventilator unit to turn it on,!(off & powerButton) U ((off & powerButton) & ((StartUpMode))),G(powerButton & off -> F StartUpMode),False
ARTEMIS,96,The transition to Start-up Mode shall be allowed by pushing the power button located on the back side of the ventilator unit to turn it on,!(off & powerButton) U ((off & powerButton) & ((StartUpMode))),G(powerButton & off -> F StartUpMode),False
ARTEMIS,96,The transition to Start-up Mode shall be allowed by pushing the power button located on the back side of the ventilator unit to turn it on,!(off & powerButton) U ((off & powerButton) & ((StartUpMode))),G(powerButton & off -> F StartUpMode),False
ARTEMIS,96,The transition to Start-up Mode shall be allowed by pushing the power button located on the back side of the ventilator unit to turn it on,!(off & powerButton) U ((off & powerButton) & ((StartUpMode))),G(powerButton & off -> F StartUpMode),False
ARTEMIS,96,The transition to Start-up Mode shall be allowed by pushing the power button located on the back side of the ventilator unit to turn it on,!(off & powerButton) U ((off & powerButton) & ((StartUpMode))),G(powerButton & off -> F StartUpMode),False
ARTEMIS,96,The transition to Start-up Mode shall be allowed by pushing the power button located on the back side of the ventilator unit to turn it on,!(off & powerButton) U ((off & powerButton) & ((StartUpMode))),G(powerButton & off -> F StartUpMode),False
ARTEMIS,96,The transition to Start-up Mode shall be allowed by pushing the power button located on the back side of the ventilator unit to turn it on,!(off & powerButton) U ((off & powerButton) & ((StartUpMode))),G(powerButton & off -> F StartUpMode),False
ARTEMIS,96,The transition to Start-up Mode shall be allowed by pushing the power button located on the back side of the ventilator unit to turn it on,!(off & powerButton) U ((off & powerButton) & ((StartUpMode))),G(powerButton & off -> F StartUpMode),False
ARTEMIS,96,The transition to Start-up Mode shall be allowed by pushing the power button located on the back side of the ventilator unit to turn it on,!(off & powerButton) U ((off & powerButton) & ((StartUpMode))),G(powerButton & off -> F StartUpMode),False
ARTEMIS,96,The transition to Start-up Mode shall be allowed by pushing the power button located on the back side of the ventilator unit to turn it on,!(off & powerButton) U ((off & powerButton) & ((StartUpMode))),G(powerButton & off -> F StartUpMode),False
ARTEMIS,96,The transition to Start-up Mode shall be allowed by pushing the power button located on the back side of the ventilator unit to turn it on,!(off & powerButton) U ((off & powerButton) & ((StartUpMode))),G(powerButton & off -> F StartUpMode),False
ARTEMIS,96,The transition to Start-up Mode shall be allowed by pushing the power button located on the back side of the ventilator unit to turn it on,!(off & powerButton) U ((off & powerButton) & ((StartUpMode))),G(powerButton & off -> F StartUpMode),False
ARTEMIS,96,The transition to Start-up Mode shall be allowed by pushing the power button located on the back side of the ventilator unit to turn it on,!(off & powerButton) U ((off & powerButton) & ((StartUpMode))),G(powerButton & off -> F StartUpMode),False
ARTEMIS,96,The transition to Start-up Mode shall be allowed by pushing the power button located on the back side of the ventilator unit to turn it on,!(off & powerButton) U ((off & powerButton) & ((StartUpMode))),G(powerButton & off -> F StartUpMode),False
ARTEMIS,96,The transition to Start-up Mode shall be allowed by pushing the power button located on the back side of the ventilator unit to turn it on,!(off & powerButton) U ((off & powerButton) & ((StartUpMode))),G(powerButton & off -> F StartUpMode),False
ARTEMIS,96,The transition to Start-up Mode shall be allowed by pushing the power button located on the back side of the ventilator unit to turn it on,!(off & powerButton) U ((off & powerButton) & ((StartUpMode))),G(powerButton & off -> F StartUpMode),False
ARTEMIS,96,The transition to Start-up Mode shall be allowed by pushing the power button located on the back side of the ventilator unit to turn it on,!(off & powerButton) U ((off & powerButton) & ((StartUpMode))),G(powerButton & off -> F StartUpMode),False
ARTEMIS,96,The transition to Start-up Mode shall be allowed by pushing the power button located on the back side of the ventilator unit to turn it on,!(off & powerButton) U ((off & powerButton) & ((StartUpMode))),G(powerButton & off -> F StartUpMode),False
ARTEMIS,96,The transition to Start-up Mode shall be allowed by pushing the power button located on the back side of the ventilator unit to turn it on,!(off & powerButton) U ((off & powerButton) & ((StartUpMode))),G(powerButton & off -> F StartUpMode),False
ARTEMIS,96,The transition to Start-up Mode shall be allowed by pushing the power button located on the back side of the ventilator unit to turn it on,!(off & powerButton) U ((off & powerButton) & ((StartUpMode))),G(powerButton & off -> F StartUpMode),False
ARTEMIS,96,The transition to Start-up Mode shall be allowed by pushing the power button located on the back side of the ventilator unit to turn it on,!(off & powerButton) U ((off & powerButton) & ((StartUpMode))),G(powerButton & off -> F StartUpMode),False
ARTEMIS,96,The transition to Start-up Mode shall be allowed by pushing the power button located on the back side of the ventilator unit to turn it on,!(off & powerButton) U ((off & powerButton) & ((StartUpMode))),G(powerButton & off -> F StartUpMode),False
ARTEMIS,96,The transition to Start-up Mode shall be allowed by pushing the power button located on the back side of the ventilator unit to turn it on,!(off & powerButton) U ((off & powerButton) & ((StartUpMode))),G(powerButton & off -> F StartUpMode),False
ARTEMIS,96,The transition to Start-up Mode shall be allowed by pushing the power button located on the back side of the ventilator unit to turn it on,!(off & powerButton) U ((off & powerButton) & ((StartUpMode))),G(powerButton & off -> F StartUpMode),False
ARTEMIS,96,The transition to Start-up Mode shall be allowed by pushing the power button located on the back side of the ventilator unit to turn it on,!(off & powerButton) U ((off & powerButton) & ((StartUpMode))),G(powerButton & off -> F StartUpMode),False
ARTEMIS,96,The transition to Start-up Mode shall be allowed by pushing the power button located on the back side of the ventilator unit to turn it on,!(off & powerButton) U ((off & powerButton) & ((StartUpMode))),G(powerButton & off -> F StartUpMode),False
ARTEMIS,96,The transition to Start-up Mode shall be allowed by pushing the power button located on the back side of the ventilator unit to turn it on,!(off & powerButton) U ((off & powerButton) & ((StartUpMode))),G(powerButton & off -> F StartUpMode),False
ARTEMIS,96,The transition to Start-up Mode shall be allowed by pushing the power button located on the back side of the ventilator unit to turn it on,!(off & powerButton) U ((off & powerButton) & ((StartUpMode))),G(powerButton & off -> F StartUpMode),False
ARTEMIS,96,The transition to Start-up Mode shall be allowed by pushing the power button located on the back side of the ventilator unit to turn it on,!(off & powerButton) U ((off & powerButton) & ((StartUpMode))),G(powerButton & off -> F StartUpMode),False
ARTEMIS,96,The transition to Start-up Mode shall be allowed by pushing the power button located on the back side of the ventilator unit to turn it on,!(off & powerButton) U ((off & powerButton) & ((StartUpMode))),G(powerButton & off -> F StartUpMode),False
ARTEMIS,96,The transition to Start-up Mode shall be allowed by pushing the power button located on the back side of the ventilator unit to turn it on,!(off & powerButton) U ((off & powerButton) & ((StartUpMode))),G(powerButton & off -> F StartUpMode),False
ARTEMIS,96,The transition to Start-up Mode shall be allowed by pushing the power button located on the back side of the ventilator unit to turn it on,!(off & powerButton) U ((off & powerButton) & ((StartUpMode))),G(powerButton & off -> F StartUpMode),False
ARTEMIS,96,The transition to Start-up Mode shall be allowed by pushing the power button located on the back side of the ventilator unit to turn it on,!(off & powerButton) U ((off & powerButton) & ((StartUpMode))),G(powerButton & off -> F StartUpMode),False
ARTEMIS,96,The transition to Start-up Mode shall be allowed by pushing the power button located on the back side of the ventilator unit to turn it on,!(off & powerButton) U ((off & powerButton) & ((StartUpMode))),G(powerButton & off -> F StartUpMode),False
ARTEMIS,96,The transition to Start-up Mode shall be allowed by pushing the power button located on the back side of the ventilator unit to turn it on,!(off & powerButton) U ((off & powerButton) & ((StartUpMode))),G(powerButton & off -> F StartUpMode),False
ARTEMIS,96,The transition to Start-up Mode shall be allowed by pushing the power button located on the back side of the ventilator unit to turn it on,!(off & powerButton) U ((off & powerButton) & ((StartUpMode))),G(powerButton -> F StartUpMode),False
ARTEMIS,96,The transition to Start-up Mode shall be allowed by pushing the power button located on the back side of the ventilator unit to turn it on,!(off & powerButton) U ((off & powerButton) & ((StartUpMode))),G(powerButton & off -> F StartUpMode),False
ARTEMIS,96,The transition to Start-up Mode shall be allowed by pushing the power button located on the back side of the ventilator unit to turn it on,!(off & powerButton) U ((off & powerButton) & ((StartUpMode))),G(powerButton & off -> F StartUpMode),False
ARTEMIS,96,The transition to Start-up Mode shall be allowed by pushing the power button located on the back side of the ventilator unit to turn it on,!(off & powerButton) U ((off & powerButton) & ((StartUpMode))),G(powerButton & off -> F StartUpMode),False
ARTEMIS,96,The transition to Start-up Mode shall be allowed by pushing the power button located on the back side of the ventilator unit to turn it on,!(off & powerButton) U ((off & powerButton) & ((StartUpMode))),G(powerButton & off -> F StartUpMode),False
ARTEMIS,96,The transition to Start-up Mode shall be allowed by pushing the power button located on the back side of the ventilator unit to turn it on,!(off & powerButton) U ((off & powerButton) & ((StartUpMode))),G(powerButton & off -> F StartUpMode),False
ARTEMIS,96,The transition to Start-up Mode shall be allowed by pushing the power button located on the back side of the ventilator unit to turn it on,!(off & powerButton) U ((off & powerButton) & ((StartUpMode))),G(powerButton & off -> F StartUpMode),False
ARTEMIS,96,The transition to Start-up Mode shall be allowed by pushing the power button located on the back side of the ventilator unit to turn it on,!(off & powerButton) U ((off & powerButton) & ((StartUpMode))),G(powerButton & off -> F StartUpMode),False
ARTEMIS,96,The transition to Start-up Mode shall be allowed by pushing the power button located on the back side of the ventilator unit to turn it on,!(off & powerButton) U ((off & powerButton) & ((StartUpMode))),G(powerButton & off -> F StartUpMode),False
ARTEMIS,96,The transition to Start-up Mode shall be allowed by pushing the power button located on the back side of the ventilator unit to turn it on,!(off & powerButton) U ((off & powerButton) & ((StartUpMode))),G(powerButton & off -> F StartUpMode),False
ARTEMIS,96,The transition to Start-up Mode shall be allowed by pushing the power button located on the back side of the ventilator unit to turn it on,!(off & powerButton) U ((off & powerButton) & ((StartUpMode))),G(powerButton & off -> F StartUpMode),False
ARTEMIS,96,The transition to Start-up Mode shall be allowed by pushing the power button located on the back side of the ventilator unit to turn it on,!(off & powerButton) U ((off & powerButton) & ((StartUpMode))),G(powerButton & off -> F StartUpMode),False
ARTEMIS,96,The transition to Start-up Mode shall be allowed by pushing the power button located on the back side of the ventilator unit to turn it on,!(off & powerButton) U ((off & powerButton) & ((StartUpMode))),G(powerButton & off -> F StartUpMode),False
ARTEMIS,96,The transition to Start-up Mode shall be allowed by pushing the power button located on the back side of the ventilator unit to turn it on,!(off & powerButton) U ((off & powerButton) & ((StartUpMode))),G(powerButton & off -> F StartUpMode),False
ARTEMIS,96,The transition to Start-up Mode shall be allowed by pushing the power button located on the back side of the ventilator unit to turn it on,!(off & powerButton) U ((off & powerButton) & ((StartUpMode))),G(powerButton & off -> F StartUpMode),False
ARTEMIS,96,The transition to Start-up Mode shall be allowed by pushing the power button located on the back side of the ventilator unit to turn it on,!(off & powerButton) U ((off & powerButton) & ((StartUpMode))),G(powerButton & off -> F StartUpMode),False
ARTEMIS,96,The transition to Start-up Mode shall be allowed by pushing the power button located on the back side of the ventilator unit to turn it on,!(off & powerButton) U ((off & powerButton) & ((StartUpMode))),G(powerButton & off -> F StartUpMode),False
ARTEMIS,96,The transition to Start-up Mode shall be allowed by pushing the power button located on the back side of the ventilator unit to turn it on,!(off & powerButton) U ((off & powerButton) & ((StartUpMode))),G(powerButton & off -> F StartUpMode),False
ARTEMIS,96,The transition to Start-up Mode shall be allowed by pushing the power button located on the back side of the ventilator unit to turn it on,!(off & powerButton) U ((off & powerButton) & ((StartUpMode))),G(powerButton & off -> F StartUpMode),False
ARTEMIS,96,The transition to Start-up Mode shall be allowed by pushing the power button located on the back side of the ventilator unit to turn it on,!(off & powerButton) U ((off & powerButton) & ((StartUpMode))),G(powerButton & off -> F StartUpMode),False
ARTEMIS,96,The transition to Start-up Mode shall be allowed by pushing the power button located on the back side of the ventilator unit to turn it on,!(off & powerButton) U ((off & powerButton) & ((StartUpMode))),G(powerButton & off -> F StartUpMode),False
ARTEMIS,96,The transition to Start-up Mode shall be allowed by pushing the power button located on the back side of the ventilator unit to turn it on,!(off & powerButton) U ((off & powerButton) & ((StartUpMode))),G(powerButton & off -> F StartUpMode),False
ARTEMIS,96,The transition to Start-up Mode shall be allowed by pushing the power button located on the back side of the ventilator unit to turn it on,!(off & powerButton) U ((off & powerButton) & ((StartUpMode))),G(powerButton & off -> F StartUpMode),False
ARTEMIS,96,The transition to Start-up Mode shall be allowed by pushing the power button located on the back side of the ventilator unit to turn it on,!(off & powerButton) U ((off & powerButton) & ((StartUpMode))),G(powerButton & off -> F StartUpMode),False
ARTEMIS,96,The transition to Start-up Mode shall be allowed by pushing the power button located on the back side of the ventilator unit to turn it on,!(off & powerButton) U ((off & powerButton) & ((StartUpMode))),G(powerButton & off -> F StartUpMode),False
ARTEMIS,96,The transition to Start-up Mode shall be allowed by pushing the power button located on the back side of the ventilator unit to turn it on,!(off & powerButton) U ((off & powerButton) & ((StartUpMode))),G(powerButton & off -> F StartUpMode),False
ARTEMIS,96,The transition to Start-up Mode shall be allowed by pushing the power button located on the back side of the ventilator unit to turn it on,!(off & powerButton) U ((off & powerButton) & ((StartUpMode))),G(powerButton & off -> F StartUpMode),False
ARTEMIS,96,The transition to Start-up Mode shall be allowed by pushing the power button located on the back side of the ventilator unit to turn it on,!(off & powerButton) U ((off & powerButton) & ((StartUpMode))),G(powerButton & off -> F StartUpMode),False
ARTEMIS,96,The transition to Start-up Mode shall be allowed by pushing the power button located on the back side of the ventilator unit to turn it on,!(off & powerButton) U ((off & powerButton) & ((StartUpMode))),G(powerButton & off -> F StartUpMode),False
ARTEMIS,96,The transition to Start-up Mode shall be allowed by pushing the power button located on the back side of the ventilator unit to turn it on,!(off & powerButton) U ((off & powerButton) & ((StartUpMode))),G(powerButton & off -> F StartUpMode),False
ARTEMIS,96,The transition to Start-up Mode shall be allowed by pushing the power button located on the back side of the ventilator unit to turn it on,!(off & powerButton) U ((off & powerButton) & ((StartUpMode))),G(powerButton & off -> F StartUpMode),False
ARTEMIS,97,"PCV Mode: The transition from PCV to PSV shall occur if ventilation is on, the transition from PCV to PSV shall occur at the end of a PCV inspiratory time if the change mode command has been received from the GUI.",!(inspiratoryPhaseEnd & PSVModeSelected) U ((inspiratoryPhaseEnd & PSVModeSelected) & G(PCVMode -> ((ventilating & PSVMode)))),G((ventilating & PCVMode) -> F PSVMode) & G((inspiratoryPhaseEnd & PCVMode & PSVModeSelected) -> F PSVMode),False
ARTEMIS,97,"PCV Mode: The transition from PCV to PSV shall occur if ventilation is on, the transition from PCV to PSV shall occur at the end of a PCV inspiratory time if the change mode command has been received from the GUI.",!(inspiratoryPhaseEnd & PSVModeSelected) U ((inspiratoryPhaseEnd & PSVModeSelected) & G(PCVMode -> ((ventilating & PSVMode)))),G((ventilating & PCVMode) -> F PSVMode) & G((inspiratoryPhaseEnd & PCVMode & PSVModeSelected) -> F PSVMode),False
ARTEMIS,97,"PCV Mode: The transition from PCV to PSV shall occur if ventilation is on, the transition from PCV to PSV shall occur at the end of a PCV inspiratory time if the change mode command has been received from the GUI.",!(inspiratoryPhaseEnd & PSVModeSelected) U ((inspiratoryPhaseEnd & PSVModeSelected) & G(PCVMode -> ((ventilating & PSVMode)))),G((PCVMode & ventilating) | (PCVMode & inspiratoryPhaseEnd & PSVModeSelected) -> X PSVMode),False
ARTEMIS,97,"PCV Mode: The transition from PCV to PSV shall occur if ventilation is on, the transition from PCV to PSV shall occur at the end of a PCV inspiratory time if the change mode command has been received from the GUI.",!(inspiratoryPhaseEnd & PSVModeSelected) U ((inspiratoryPhaseEnd & PSVModeSelected) & G(PCVMode -> ((ventilating & PSVMode)))),G((PCVMode & ventilating) | (PCVMode & inspiratoryPhaseEnd & PSVModeSelected) -> X PSVMode),False
ARTEMIS,97,"PCV Mode: The transition from PCV to PSV shall occur if ventilation is on, the transition from PCV to PSV shall occur at the end of a PCV inspiratory time if the change mode command has been received from the GUI.",!(inspiratoryPhaseEnd & PSVModeSelected) U ((inspiratoryPhaseEnd & PSVModeSelected) & G(PCVMode -> ((ventilating & PSVMode)))),G((PCVMode & ventilating) | (PCVMode & inspiratoryPhaseEnd & PSVModeSelected) -> X PSVMode),False
ARTEMIS,97,"PCV Mode: The transition from PCV to PSV shall occur if ventilation is on, the transition from PCV to PSV shall occur at the end of a PCV inspiratory time if the change mode command has been received from the GUI.",!(inspiratoryPhaseEnd & PSVModeSelected) U ((inspiratoryPhaseEnd & PSVModeSelected) & G(PCVMode -> ((ventilating & PSVMode)))),G((ventilating & PCVMode) -> F PSVMode) & G((PCVMode & inspiratoryPhaseEnd & PSVModeSelected) -> F PSVMode),False
ARTEMIS,97,"PCV Mode: The transition from PCV to PSV shall occur if ventilation is on, the transition from PCV to PSV shall occur at the end of a PCV inspiratory time if the change mode command has been received from the GUI.",!(inspiratoryPhaseEnd & PSVModeSelected) U ((inspiratoryPhaseEnd & PSVModeSelected) & G(PCVMode -> ((ventilating & PSVMode)))),G((ventilating & PCVMode) -> F PSVMode) & G((inspiratoryPhaseEnd & PCVMode & PSVModeSelected) -> F PSVMode),False
ARTEMIS,97,"PCV Mode: The transition from PCV to PSV shall occur if ventilation is on, the transition from PCV to PSV shall occur at the end of a PCV inspiratory time if the change mode command has been received from the GUI.",!(inspiratoryPhaseEnd & PSVModeSelected) U ((inspiratoryPhaseEnd & PSVModeSelected) & G(PCVMode -> ((ventilating & PSVMode)))),G((PCVMode & ventilating) | (PCVMode & inspiratoryPhaseEnd & PSVModeSelected) -> X PSVMode),False
ARTEMIS,97,"PCV Mode: The transition from PCV to PSV shall occur if ventilation is on, the transition from PCV to PSV shall occur at the end of a PCV inspiratory time if the change mode command has been received from the GUI.",!(inspiratoryPhaseEnd & PSVModeSelected) U ((inspiratoryPhaseEnd & PSVModeSelected) & G(PCVMode -> ((ventilating & PSVMode)))),G((ventilating & PCVMode) -> F PSVMode) & G((PCVMode & inspiratoryPhaseEnd & PSVModeSelected) -> F PSVMode),False
ARTEMIS,97,"PCV Mode: The transition from PCV to PSV shall occur if ventilation is on, the transition from PCV to PSV shall occur at the end of a PCV inspiratory time if the change mode command has been received from the GUI.",!(inspiratoryPhaseEnd & PSVModeSelected) U ((inspiratoryPhaseEnd & PSVModeSelected) & G(PCVMode -> ((ventilating & PSVMode)))),G((PCVMode & ventilating) | (PCVMode & inspiratoryPhaseEnd & PSVModeSelected) -> X PSVMode),False
ARTEMIS,97,"PCV Mode: The transition from PCV to PSV shall occur if ventilation is on, the transition from PCV to PSV shall occur at the end of a PCV inspiratory time if the change mode command has been received from the GUI.",!(inspiratoryPhaseEnd & PSVModeSelected) U ((inspiratoryPhaseEnd & PSVModeSelected) & G(PCVMode -> ((ventilating & PSVMode)))),G((ventilating & PCVMode) -> F PSVMode) & G((inspiratoryPhaseEnd & PCVMode & PSVModeSelected) -> F PSVMode),False
ARTEMIS,97,"PCV Mode: The transition from PCV to PSV shall occur if ventilation is on, the transition from PCV to PSV shall occur at the end of a PCV inspiratory time if the change mode command has been received from the GUI.",!(inspiratoryPhaseEnd & PSVModeSelected) U ((inspiratoryPhaseEnd & PSVModeSelected) & G(PCVMode -> ((ventilating & PSVMode)))),G((PCVMode & ventilating) | (PCVMode & inspiratoryPhaseEnd & PSVModeSelected) -> X PSVMode),False
ARTEMIS,97,"PCV Mode: The transition from PCV to PSV shall occur if ventilation is on, the transition from PCV to PSV shall occur at the end of a PCV inspiratory time if the change mode command has been received from the GUI.",!(inspiratoryPhaseEnd & PSVModeSelected) U ((inspiratoryPhaseEnd & PSVModeSelected) & G(PCVMode -> ((ventilating & PSVMode)))),G((PCVMode & ventilating) | (PCVMode & inspiratoryPhaseEnd & PSVModeSelected) -> X PSVMode),False
ARTEMIS,97,"PCV Mode: The transition from PCV to PSV shall occur if ventilation is on, the transition from PCV to PSV shall occur at the end of a PCV inspiratory time if the change mode command has been received from the GUI.",!(inspiratoryPhaseEnd & PSVModeSelected) U ((inspiratoryPhaseEnd & PSVModeSelected) & G(PCVMode -> ((ventilating & PSVMode)))),G((ventilating & PCVMode) -> F PSVMode) & G((PCVMode & inspiratoryPhaseEnd & PSVModeSelected) -> F PSVMode),False
ARTEMIS,97,"PCV Mode: The transition from PCV to PSV shall occur if ventilation is on, the transition from PCV to PSV shall occur at the end of a PCV inspiratory time if the change mode command has been received from the GUI.",!(inspiratoryPhaseEnd & PSVModeSelected) U ((inspiratoryPhaseEnd & PSVModeSelected) & G(PCVMode -> ((ventilating & PSVMode)))),G((PCVMode & ventilating) | (PCVMode & inspiratoryPhaseEnd & PSVModeSelected) -> X PSVMode),False
ARTEMIS,97,"PCV Mode: The transition from PCV to PSV shall occur if ventilation is on, the transition from PCV to PSV shall occur at the end of a PCV inspiratory time if the change mode command has been received from the GUI.",!(inspiratoryPhaseEnd & PSVModeSelected) U ((inspiratoryPhaseEnd & PSVModeSelected) & G(PCVMode -> ((ventilating & PSVMode)))),G((ventilating & PCVMode) -> F PSVMode) & G((PCVMode & inspiratoryPhaseEnd & PSVModeSelected) -> F PSVMode),False
ARTEMIS,97,"PCV Mode: The transition from PCV to PSV shall occur if ventilation is on, the transition from PCV to PSV shall occur at the end of a PCV inspiratory time if the change mode command has been received from the GUI.",!(inspiratoryPhaseEnd & PSVModeSelected) U ((inspiratoryPhaseEnd & PSVModeSelected) & G(PCVMode -> ((ventilating & PSVMode)))),G((PCVMode & ventilating) | (PCVMode & inspiratoryPhaseEnd & PSVModeSelected) -> X PSVMode),False
ARTEMIS,97,"PCV Mode: The transition from PCV to PSV shall occur if ventilation is on, the transition from PCV to PSV shall occur at the end of a PCV inspiratory time if the change mode command has been received from the GUI.",!(inspiratoryPhaseEnd & PSVModeSelected) U ((inspiratoryPhaseEnd & PSVModeSelected) & G(PCVMode -> ((ventilating & PSVMode)))),G((PCVMode & ventilating) | (PCVMode & inspiratoryPhaseEnd & PSVModeSelected) -> X PSVMode),False
ARTEMIS,97,"PCV Mode: The transition from PCV to PSV shall occur if ventilation is on, the transition from PCV to PSV shall occur at the end of a PCV inspiratory time if the change mode command has been received from the GUI.",!(inspiratoryPhaseEnd & PSVModeSelected) U ((inspiratoryPhaseEnd & PSVModeSelected) & G(PCVMode -> ((ventilating & PSVMode)))),G((ventilating & PCVMode) -> F PSVMode) & G((inspiratoryPhaseEnd & PCVMode & PSVModeSelected) -> F PSVMode),False
ARTEMIS,97,"PCV Mode: The transition from PCV to PSV shall occur if ventilation is on, the transition from PCV to PSV shall occur at the end of a PCV inspiratory time if the change mode command has been received from the GUI.",!(inspiratoryPhaseEnd & PSVModeSelected) U ((inspiratoryPhaseEnd & PSVModeSelected) & G(PCVMode -> ((ventilating & PSVMode)))),G((PCVMode & ventilating) | (PCVMode & inspiratoryPhaseEnd & PSVModeSelected) -> X PSVMode),False
ARTEMIS,97,"PCV Mode: The transition from PCV to PSV shall occur if ventilation is on, the transition from PCV to PSV shall occur at the end of a PCV inspiratory time if the change mode command has been received from the GUI.",!(inspiratoryPhaseEnd & PSVModeSelected) U ((inspiratoryPhaseEnd & PSVModeSelected) & G(PCVMode -> ((ventilating & PSVMode)))),G((ventilating & PCVMode) -> F PSVMode) & G((inspiratoryPhaseEnd & PCVMode & PSVModeSelected) -> F PSVMode),False
ARTEMIS,97,"PCV Mode: The transition from PCV to PSV shall occur if ventilation is on, the transition from PCV to PSV shall occur at the end of a PCV inspiratory time if the change mode command has been received from the GUI.",!(inspiratoryPhaseEnd & PSVModeSelected) U ((inspiratoryPhaseEnd & PSVModeSelected) & G(PCVMode -> ((ventilating & PSVMode)))),G((PCVMode & ventilating) | (PCVMode & inspiratoryPhaseEnd & PSVModeSelected) -> X PSVMode),False
ARTEMIS,97,"PCV Mode: The transition from PCV to PSV shall occur if ventilation is on, the transition from PCV to PSV shall occur at the end of a PCV inspiratory time if the change mode command has been received from the GUI.",!(inspiratoryPhaseEnd & PSVModeSelected) U ((inspiratoryPhaseEnd & PSVModeSelected) & G(PCVMode -> ((ventilating & PSVMode)))),G((PCVMode & ventilating) | (PCVMode & inspiratoryPhaseEnd & PSVModeSelected) -> X PSVMode),False
ARTEMIS,97,"PCV Mode: The transition from PCV to PSV shall occur if ventilation is on, the transition from PCV to PSV shall occur at the end of a PCV inspiratory time if the change mode command has been received from the GUI.",!(inspiratoryPhaseEnd & PSVModeSelected) U ((inspiratoryPhaseEnd & PSVModeSelected) & G(PCVMode -> ((ventilating & PSVMode)))),G((ventilating & PCVMode) -> F PSVMode) & G((PCVMode & inspiratoryPhaseEnd & PSVModeSelected) -> F PSVMode),False
ARTEMIS,97,"PCV Mode: The transition from PCV to PSV shall occur if ventilation is on, the transition from PCV to PSV shall occur at the end of a PCV inspiratory time if the change mode command has been received from the GUI.",!(inspiratoryPhaseEnd & PSVModeSelected) U ((inspiratoryPhaseEnd & PSVModeSelected) & G(PCVMode -> ((ventilating & PSVMode)))),G((ventilating & PCVMode) -> F PSVMode) & G((PCVMode & inspiratoryPhaseEnd & PSVModeSelected) -> F PSVMode),False
ARTEMIS,97,"PCV Mode: The transition from PCV to PSV shall occur if ventilation is on, the transition from PCV to PSV shall occur at the end of a PCV inspiratory time if the change mode command has been received from the GUI.",!(inspiratoryPhaseEnd & PSVModeSelected) U ((inspiratoryPhaseEnd & PSVModeSelected) & G(PCVMode -> ((ventilating & PSVMode)))),G((PCVMode & ventilating) | (PCVMode & inspiratoryPhaseEnd & PSVModeSelected) -> X PSVMode),False
ARTEMIS,97,"PCV Mode: The transition from PCV to PSV shall occur if ventilation is on, the transition from PCV to PSV shall occur at the end of a PCV inspiratory time if the change mode command has been received from the GUI.",!(inspiratoryPhaseEnd & PSVModeSelected) U ((inspiratoryPhaseEnd & PSVModeSelected) & G(PCVMode -> ((ventilating & PSVMode)))),G((PCVMode & ventilating) | (PCVMode & inspiratoryPhaseEnd & PSVModeSelected) -> X PSVMode),False
ARTEMIS,97,"PCV Mode: The transition from PCV to PSV shall occur if ventilation is on, the transition from PCV to PSV shall occur at the end of a PCV inspiratory time if the change mode command has been received from the GUI.",!(inspiratoryPhaseEnd & PSVModeSelected) U ((inspiratoryPhaseEnd & PSVModeSelected) & G(PCVMode -> ((ventilating & PSVMode)))),G((PCVMode & ventilating) | (PCVMode & inspiratoryPhaseEnd & PSVModeSelected) -> X PSVMode),False
ARTEMIS,97,"PCV Mode: The transition from PCV to PSV shall occur if ventilation is on, the transition from PCV to PSV shall occur at the end of a PCV inspiratory time if the change mode command has been received from the GUI.",!(inspiratoryPhaseEnd & PSVModeSelected) U ((inspiratoryPhaseEnd & PSVModeSelected) & G(PCVMode -> ((ventilating & PSVMode)))),G((ventilating & PCVMode) -> F PSVMode) & G((PCVMode & inspiratoryPhaseEnd & PSVModeSelected) -> F PSVMode),False
ARTEMIS,97,"PCV Mode: The transition from PCV to PSV shall occur if ventilation is on, the transition from PCV to PSV shall occur at the end of a PCV inspiratory time if the change mode command has been received from the GUI.",!(inspiratoryPhaseEnd & PSVModeSelected) U ((inspiratoryPhaseEnd & PSVModeSelected) & G(PCVMode -> ((ventilating & PSVMode)))),G((PCVMode & ventilating) | (PCVMode & inspiratoryPhaseEnd & PSVModeSelected) -> X PSVMode),False
ARTEMIS,97,"PCV Mode: The transition from PCV to PSV shall occur if ventilation is on, the transition from PCV to PSV shall occur at the end of a PCV inspiratory time if the change mode command has been received from the GUI.",!(inspiratoryPhaseEnd & PSVModeSelected) U ((inspiratoryPhaseEnd & PSVModeSelected) & G(PCVMode -> ((ventilating & PSVMode)))),G((ventilating & PCVMode) -> F PSVMode) & G((PCVMode & inspiratoryPhaseEnd & PSVModeSelected) -> F PSVMode),False
ARTEMIS,97,"PCV Mode: The transition from PCV to PSV shall occur if ventilation is on, the transition from PCV to PSV shall occur at the end of a PCV inspiratory time if the change mode command has been received from the GUI.",!(inspiratoryPhaseEnd & PSVModeSelected) U ((inspiratoryPhaseEnd & PSVModeSelected) & G(PCVMode -> ((ventilating & PSVMode)))),G((ventilating & PCVMode) -> F PSVMode) & G((inspiratoryPhaseEnd & PCVMode & PSVModeSelected) -> F PSVMode),False
ARTEMIS,97,"PCV Mode: The transition from PCV to PSV shall occur if ventilation is on, the transition from PCV to PSV shall occur at the end of a PCV inspiratory time if the change mode command has been received from the GUI.",!(inspiratoryPhaseEnd & PSVModeSelected) U ((inspiratoryPhaseEnd & PSVModeSelected) & G(PCVMode -> ((ventilating & PSVMode)))),G((ventilating & PCVMode) -> F PSVMode) & G((inspiratoryPhaseEnd & PCVMode & PSVModeSelected) -> F PSVMode),False
ARTEMIS,97,"PCV Mode: The transition from PCV to PSV shall occur if ventilation is on, the transition from PCV to PSV shall occur at the end of a PCV inspiratory time if the change mode command has been received from the GUI.",!(inspiratoryPhaseEnd & PSVModeSelected) U ((inspiratoryPhaseEnd & PSVModeSelected) & G(PCVMode -> ((ventilating & PSVMode)))),G((ventilating & PCVMode) -> F PSVMode) & G((inspiratoryPhaseEnd & PCVMode & PSVModeSelected) -> F PSVMode),False
ARTEMIS,97,"PCV Mode: The transition from PCV to PSV shall occur if ventilation is on, the transition from PCV to PSV shall occur at the end of a PCV inspiratory time if the change mode command has been received from the GUI.",!(inspiratoryPhaseEnd & PSVModeSelected) U ((inspiratoryPhaseEnd & PSVModeSelected) & G(PCVMode -> ((ventilating & PSVMode)))),G((PCVMode & ventilating) | (PCVMode & inspiratoryPhaseEnd & PSVModeSelected) -> X PSVMode),False
ARTEMIS,97,"PCV Mode: The transition from PCV to PSV shall occur if ventilation is on, the transition from PCV to PSV shall occur at the end of a PCV inspiratory time if the change mode command has been received from the GUI.",!(inspiratoryPhaseEnd & PSVModeSelected) U ((inspiratoryPhaseEnd & PSVModeSelected) & G(PCVMode -> ((ventilating & PSVMode)))),G((PCVMode & ventilating) | (PCVMode & inspiratoryPhaseEnd & PSVModeSelected) -> X PSVMode),False
ARTEMIS,97,"PCV Mode: The transition from PCV to PSV shall occur if ventilation is on, the transition from PCV to PSV shall occur at the end of a PCV inspiratory time if the change mode command has been received from the GUI.",!(inspiratoryPhaseEnd & PSVModeSelected) U ((inspiratoryPhaseEnd & PSVModeSelected) & G(PCVMode -> ((ventilating & PSVMode)))),G((ventilating & PCVMode) -> F PSVMode) & G((inspiratoryPhaseEnd & PCVMode & PSVModeSelected) -> F PSVMode),False
ARTEMIS,97,"PCV Mode: The transition from PCV to PSV shall occur if ventilation is on, the transition from PCV to PSV shall occur at the end of a PCV inspiratory time if the change mode command has been received from the GUI.",!(inspiratoryPhaseEnd & PSVModeSelected) U ((inspiratoryPhaseEnd & PSVModeSelected) & G(PCVMode -> ((ventilating & PSVMode)))),G((ventilating & PCVMode) -> F PSVMode) & G((PCVMode & inspiratoryPhaseEnd & PSVModeSelected) -> F PSVMode),False
ARTEMIS,97,"PCV Mode: The transition from PCV to PSV shall occur if ventilation is on, the transition from PCV to PSV shall occur at the end of a PCV inspiratory time if the change mode command has been received from the GUI.",!(inspiratoryPhaseEnd & PSVModeSelected) U ((inspiratoryPhaseEnd & PSVModeSelected) & G(PCVMode -> ((ventilating & PSVMode)))),G((PCVMode & ventilating) | (PCVMode & inspiratoryPhaseEnd & PSVModeSelected) -> X PSVMode),False
ARTEMIS,97,"PCV Mode: The transition from PCV to PSV shall occur if ventilation is on, the transition from PCV to PSV shall occur at the end of a PCV inspiratory time if the change mode command has been received from the GUI.",!(inspiratoryPhaseEnd & PSVModeSelected) U ((inspiratoryPhaseEnd & PSVModeSelected) & G(PCVMode -> ((ventilating & PSVMode)))),G((ventilating & PCVMode) -> F PSVMode) & G((inspiratoryPhaseEnd & PCVMode & PSVModeSelected) -> F PSVMode),False
ARTEMIS,97,"PCV Mode: The transition from PCV to PSV shall occur if ventilation is on, the transition from PCV to PSV shall occur at the end of a PCV inspiratory time if the change mode command has been received from the GUI.",!(inspiratoryPhaseEnd & PSVModeSelected) U ((inspiratoryPhaseEnd & PSVModeSelected) & G(PCVMode -> ((ventilating & PSVMode)))),G((ventilating & PCVMode) -> F PSVMode) & G((inspiratoryPhaseEnd & PCVMode & PSVModeSelected) -> F PSVMode),False
ARTEMIS,97,"PCV Mode: The transition from PCV to PSV shall occur if ventilation is on, the transition from PCV to PSV shall occur at the end of a PCV inspiratory time if the change mode command has been received from the GUI.",!(inspiratoryPhaseEnd & PSVModeSelected) U ((inspiratoryPhaseEnd & PSVModeSelected) & G(PCVMode -> ((ventilating & PSVMode)))),G((PCVMode & ventilating) | (PCVMode & inspiratoryPhaseEnd & PSVModeSelected) -> X PSVMode),False
ARTEMIS,97,"PCV Mode: The transition from PCV to PSV shall occur if ventilation is on, the transition from PCV to PSV shall occur at the end of a PCV inspiratory time if the change mode command has been received from the GUI.",!(inspiratoryPhaseEnd & PSVModeSelected) U ((inspiratoryPhaseEnd & PSVModeSelected) & G(PCVMode -> ((ventilating & PSVMode)))),G((PCVMode & ventilating) | (PCVMode & inspiratoryPhaseEnd & PSVModeSelected) -> X PSVMode),False
ARTEMIS,97,"PCV Mode: The transition from PCV to PSV shall occur if ventilation is on, the transition from PCV to PSV shall occur at the end of a PCV inspiratory time if the change mode command has been received from the GUI.",!(inspiratoryPhaseEnd & PSVModeSelected) U ((inspiratoryPhaseEnd & PSVModeSelected) & G(PCVMode -> ((ventilating & PSVMode)))),G((ventilating & PCVMode) -> F PSVMode) & G((PCVMode & inspiratoryPhaseEnd & PSVModeSelected) -> F PSVMode),False
ARTEMIS,97,"PCV Mode: The transition from PCV to PSV shall occur if ventilation is on, the transition from PCV to PSV shall occur at the end of a PCV inspiratory time if the change mode command has been received from the GUI.",!(inspiratoryPhaseEnd & PSVModeSelected) U ((inspiratoryPhaseEnd & PSVModeSelected) & G(PCVMode -> ((ventilating & PSVMode)))),G((PCVMode & ventilating) | (PCVMode & inspiratoryPhaseEnd & PSVModeSelected) -> X PSVMode),False
ARTEMIS,97,"PCV Mode: The transition from PCV to PSV shall occur if ventilation is on, the transition from PCV to PSV shall occur at the end of a PCV inspiratory time if the change mode command has been received from the GUI.",!(inspiratoryPhaseEnd & PSVModeSelected) U ((inspiratoryPhaseEnd & PSVModeSelected) & G(PCVMode -> ((ventilating & PSVMode)))),G((PCVMode & ventilating) | (PCVMode & inspiratoryPhaseEnd & PSVModeSelected) -> X PSVMode),False
ARTEMIS,97,"PCV Mode: The transition from PCV to PSV shall occur if ventilation is on, the transition from PCV to PSV shall occur at the end of a PCV inspiratory time if the change mode command has been received from the GUI.",!(inspiratoryPhaseEnd & PSVModeSelected) U ((inspiratoryPhaseEnd & PSVModeSelected) & G(PCVMode -> ((ventilating & PSVMode)))),G((PCVMode & ventilating) | (PCVMode & inspiratoryPhaseEnd & PSVModeSelected) -> X PSVMode),False
ARTEMIS,97,"PCV Mode: The transition from PCV to PSV shall occur if ventilation is on, the transition from PCV to PSV shall occur at the end of a PCV inspiratory time if the change mode command has been received from the GUI.",!(inspiratoryPhaseEnd & PSVModeSelected) U ((inspiratoryPhaseEnd & PSVModeSelected) & G(PCVMode -> ((ventilating & PSVMode)))),G((ventilating & PCVMode) -> F PSVMode) & G((PCVMode & inspiratoryPhaseEnd & PSVModeSelected) -> F PSVMode),False
ARTEMIS,97,"PCV Mode: The transition from PCV to PSV shall occur if ventilation is on, the transition from PCV to PSV shall occur at the end of a PCV inspiratory time if the change mode command has been received from the GUI.",!(inspiratoryPhaseEnd & PSVModeSelected) U ((inspiratoryPhaseEnd & PSVModeSelected) & G(PCVMode -> ((ventilating & PSVMode)))),G((ventilating & PCVMode) -> F PSVMode) & G((PCVMode & inspiratoryPhaseEnd & PSVModeSelected) -> F PSVMode),False
ARTEMIS,97,"PCV Mode: The transition from PCV to PSV shall occur if ventilation is on, the transition from PCV to PSV shall occur at the end of a PCV inspiratory time if the change mode command has been received from the GUI.",!(inspiratoryPhaseEnd & PSVModeSelected) U ((inspiratoryPhaseEnd & PSVModeSelected) & G(PCVMode -> ((ventilating & PSVMode)))),G((ventilating & PCVMode) -> F PSVMode) & G((PCVMode & inspiratoryPhaseEnd & PSVModeSelected) -> F PSVMode),False
ARTEMIS,97,"PCV Mode: The transition from PCV to PSV shall occur if ventilation is on, the transition from PCV to PSV shall occur at the end of a PCV inspiratory time if the change mode command has been received from the GUI.",!(inspiratoryPhaseEnd & PSVModeSelected) U ((inspiratoryPhaseEnd & PSVModeSelected) & G(PCVMode -> ((ventilating & PSVMode)))),G((ventilating & PCVMode) -> F PSVMode) & G((inspiratoryPhaseEnd & PCVMode & PSVModeSelected) -> F PSVMode),False
ARTEMIS,97,"PCV Mode: The transition from PCV to PSV shall occur if ventilation is on, the transition from PCV to PSV shall occur at the end of a PCV inspiratory time if the change mode command has been received from the GUI.",!(inspiratoryPhaseEnd & PSVModeSelected) U ((inspiratoryPhaseEnd & PSVModeSelected) & G(PCVMode -> ((ventilating & PSVMode)))),G((ventilating & PCVMode) -> F PSVMode) & G((inspiratoryPhaseEnd & PCVMode & PSVModeSelected) -> F PSVMode),False
ARTEMIS,97,"PCV Mode: The transition from PCV to PSV shall occur if ventilation is on, the transition from PCV to PSV shall occur at the end of a PCV inspiratory time if the change mode command has been received from the GUI.",!(inspiratoryPhaseEnd & PSVModeSelected) U ((inspiratoryPhaseEnd & PSVModeSelected) & G(PCVMode -> ((ventilating & PSVMode)))),G((ventilating & PCVMode) -> F PSVMode) & G((PCVMode & inspiratoryPhaseEnd & PSVModeSelected) -> F PSVMode),False
ARTEMIS,97,"PCV Mode: The transition from PCV to PSV shall occur if ventilation is on, the transition from PCV to PSV shall occur at the end of a PCV inspiratory time if the change mode command has been received from the GUI.",!(inspiratoryPhaseEnd & PSVModeSelected) U ((inspiratoryPhaseEnd & PSVModeSelected) & G(PCVMode -> ((ventilating & PSVMode)))),G((ventilating & PCVMode) -> F PSVMode) & G((PCVMode & inspiratoryPhaseEnd & PSVModeSelected) -> F PSVMode),False
ARTEMIS,97,"PCV Mode: The transition from PCV to PSV shall occur if ventilation is on, the transition from PCV to PSV shall occur at the end of a PCV inspiratory time if the change mode command has been received from the GUI.",!(inspiratoryPhaseEnd & PSVModeSelected) U ((inspiratoryPhaseEnd & PSVModeSelected) & G(PCVMode -> ((ventilating & PSVMode)))),G((PCVMode & ventilating) | (PCVMode & inspiratoryPhaseEnd & PSVModeSelected) -> X PSVMode),False
ARTEMIS,97,"PCV Mode: The transition from PCV to PSV shall occur if ventilation is on, the transition from PCV to PSV shall occur at the end of a PCV inspiratory time if the change mode command has been received from the GUI.",!(inspiratoryPhaseEnd & PSVModeSelected) U ((inspiratoryPhaseEnd & PSVModeSelected) & G(PCVMode -> ((ventilating & PSVMode)))),G((ventilating & PCVMode) -> F PSVMode) & G((inspiratoryPhaseEnd & PCVMode & PSVModeSelected) -> F PSVMode),False
ARTEMIS,97,"PCV Mode: The transition from PCV to PSV shall occur if ventilation is on, the transition from PCV to PSV shall occur at the end of a PCV inspiratory time if the change mode command has been received from the GUI.",!(inspiratoryPhaseEnd & PSVModeSelected) U ((inspiratoryPhaseEnd & PSVModeSelected) & G(PCVMode -> ((ventilating & PSVMode)))),G((PCVMode & ventilating) | (PCVMode & inspiratoryPhaseEnd & PSVModeSelected) -> X PSVMode),False
ARTEMIS,97,"PCV Mode: The transition from PCV to PSV shall occur if ventilation is on, the transition from PCV to PSV shall occur at the end of a PCV inspiratory time if the change mode command has been received from the GUI.",!(inspiratoryPhaseEnd & PSVModeSelected) U ((inspiratoryPhaseEnd & PSVModeSelected) & G(PCVMode -> ((ventilating & PSVMode)))),G((ventilating & PCVMode) -> F PSVMode) & G((inspiratoryPhaseEnd & PCVMode & PSVModeSelected) -> F PSVMode),False
ARTEMIS,97,"PCV Mode: The transition from PCV to PSV shall occur if ventilation is on, the transition from PCV to PSV shall occur at the end of a PCV inspiratory time if the change mode command has been received from the GUI.",!(inspiratoryPhaseEnd & PSVModeSelected) U ((inspiratoryPhaseEnd & PSVModeSelected) & G(PCVMode -> ((ventilating & PSVMode)))),G((PCVMode & ventilating) | (PCVMode & inspiratoryPhaseEnd & PSVModeSelected) -> X PSVMode),False
ARTEMIS,97,"PCV Mode: The transition from PCV to PSV shall occur if ventilation is on, the transition from PCV to PSV shall occur at the end of a PCV inspiratory time if the change mode command has been received from the GUI.",!(inspiratoryPhaseEnd & PSVModeSelected) U ((inspiratoryPhaseEnd & PSVModeSelected) & G(PCVMode -> ((ventilating & PSVMode)))),G((PCVMode & ventilating) | (PCVMode & inspiratoryPhaseEnd & PSVModeSelected) -> X PSVMode),False
ARTEMIS,97,"PCV Mode: The transition from PCV to PSV shall occur if ventilation is on, the transition from PCV to PSV shall occur at the end of a PCV inspiratory time if the change mode command has been received from the GUI.",!(inspiratoryPhaseEnd & PSVModeSelected) U ((inspiratoryPhaseEnd & PSVModeSelected) & G(PCVMode -> ((ventilating & PSVMode)))),G((ventilating & PCVMode) -> F PSVMode) & G((inspiratoryPhaseEnd & PCVMode & PSVModeSelected) -> F PSVMode),False
ARTEMIS,97,"PCV Mode: The transition from PCV to PSV shall occur if ventilation is on, the transition from PCV to PSV shall occur at the end of a PCV inspiratory time if the change mode command has been received from the GUI.",!(inspiratoryPhaseEnd & PSVModeSelected) U ((inspiratoryPhaseEnd & PSVModeSelected) & G(PCVMode -> ((ventilating & PSVMode)))),G((ventilating & PCVMode) -> F PSVMode) & G((inspiratoryPhaseEnd & PCVMode & PSVModeSelected) -> F PSVMode),False
ARTEMIS,97,"PCV Mode: The transition from PCV to PSV shall occur if ventilation is on, the transition from PCV to PSV shall occur at the end of a PCV inspiratory time if the change mode command has been received from the GUI.",!(inspiratoryPhaseEnd & PSVModeSelected) U ((inspiratoryPhaseEnd & PSVModeSelected) & G(PCVMode -> ((ventilating & PSVMode)))),G((PCVMode & ventilating) | (PCVMode & inspiratoryPhaseEnd & PSVModeSelected) -> X PSVMode),False
ARTEMIS,97,"PCV Mode: The transition from PCV to PSV shall occur if ventilation is on, the transition from PCV to PSV shall occur at the end of a PCV inspiratory time if the change mode command has been received from the GUI.",!(inspiratoryPhaseEnd & PSVModeSelected) U ((inspiratoryPhaseEnd & PSVModeSelected) & G(PCVMode -> ((ventilating & PSVMode)))),G((ventilating & PCVMode) -> F PSVMode) & G((PCVMode & inspiratoryPhaseEnd & PSVModeSelected) -> F PSVMode),False
ARTEMIS,97,"PCV Mode: The transition from PCV to PSV shall occur if ventilation is on, the transition from PCV to PSV shall occur at the end of a PCV inspiratory time if the change mode command has been received from the GUI.",!(inspiratoryPhaseEnd & PSVModeSelected) U ((inspiratoryPhaseEnd & PSVModeSelected) & G(PCVMode -> ((ventilating & PSVMode)))),G((PCVMode & ventilating) | (PCVMode & inspiratoryPhaseEnd & PSVModeSelected) -> X PSVMode),False
ARTEMIS,97,"PCV Mode: The transition from PCV to PSV shall occur if ventilation is on, the transition from PCV to PSV shall occur at the end of a PCV inspiratory time if the change mode command has been received from the GUI.",!(inspiratoryPhaseEnd & PSVModeSelected) U ((inspiratoryPhaseEnd & PSVModeSelected) & G(PCVMode -> ((ventilating & PSVMode)))),G((PCVMode & ventilating) | (PCVMode & inspiratoryPhaseEnd & PSVModeSelected) -> X PSVMode),False
ARTEMIS,97,"PCV Mode: The transition from PCV to PSV shall occur if ventilation is on, the transition from PCV to PSV shall occur at the end of a PCV inspiratory time if the change mode command has been received from the GUI.",!(inspiratoryPhaseEnd & PSVModeSelected) U ((inspiratoryPhaseEnd & PSVModeSelected) & G(PCVMode -> ((ventilating & PSVMode)))),G((ventilating & PCVMode) -> F PSVMode) & G((PCVMode & inspiratoryPhaseEnd & PSVModeSelected) -> F PSVMode),False
ARTEMIS,97,"PCV Mode: The transition from PCV to PSV shall occur if ventilation is on, the transition from PCV to PSV shall occur at the end of a PCV inspiratory time if the change mode command has been received from the GUI.",!(inspiratoryPhaseEnd & PSVModeSelected) U ((inspiratoryPhaseEnd & PSVModeSelected) & G(PCVMode -> ((ventilating & PSVMode)))),G((ventilating & PCVMode) -> F PSVMode) & G((PCVMode & inspiratoryPhaseEnd & PSVModeSelected) -> F PSVMode),False
ARTEMIS,97,"PCV Mode: The transition from PCV to PSV shall occur if ventilation is on, the transition from PCV to PSV shall occur at the end of a PCV inspiratory time if the change mode command has been received from the GUI.",!(inspiratoryPhaseEnd & PSVModeSelected) U ((inspiratoryPhaseEnd & PSVModeSelected) & G(PCVMode -> ((ventilating & PSVMode)))),G((ventilating & PCVMode) -> F PSVMode) & G((inspiratoryPhaseEnd & PCVMode & PSVModeSelected) -> F PSVMode),False
ARTEMIS,97,"PCV Mode: The transition from PCV to PSV shall occur if ventilation is on, the transition from PCV to PSV shall occur at the end of a PCV inspiratory time if the change mode command has been received from the GUI.",!(inspiratoryPhaseEnd & PSVModeSelected) U ((inspiratoryPhaseEnd & PSVModeSelected) & G(PCVMode -> ((ventilating & PSVMode)))),G((PCVMode & ventilating) | (PCVMode & inspiratoryPhaseEnd & PSVModeSelected) -> X PSVMode),False
ARTEMIS,97,"PCV Mode: The transition from PCV to PSV shall occur if ventilation is on, the transition from PCV to PSV shall occur at the end of a PCV inspiratory time if the change mode command has been received from the GUI.",!(inspiratoryPhaseEnd & PSVModeSelected) U ((inspiratoryPhaseEnd & PSVModeSelected) & G(PCVMode -> ((ventilating & PSVMode)))),G((ventilating & PCVMode) -> F PSVMode) & G((PCVMode & inspiratoryPhaseEnd & PSVModeSelected) -> F PSVMode),False
ARTEMIS,97,"PCV Mode: The transition from PCV to PSV shall occur if ventilation is on, the transition from PCV to PSV shall occur at the end of a PCV inspiratory time if the change mode command has been received from the GUI.",!(inspiratoryPhaseEnd & PSVModeSelected) U ((inspiratoryPhaseEnd & PSVModeSelected) & G(PCVMode -> ((ventilating & PSVMode)))),G((ventilating & PCVMode) -> F PSVMode) & G((PCVMode & inspiratoryPhaseEnd & PSVModeSelected) -> F PSVMode),False
ARTEMIS,97,"PCV Mode: The transition from PCV to PSV shall occur if ventilation is on, the transition from PCV to PSV shall occur at the end of a PCV inspiratory time if the change mode command has been received from the GUI.",!(inspiratoryPhaseEnd & PSVModeSelected) U ((inspiratoryPhaseEnd & PSVModeSelected) & G(PCVMode -> ((ventilating & PSVMode)))),G((PCVMode & ventilating) | (PCVMode & inspiratoryPhaseEnd & PSVModeSelected) -> X PSVMode),False
ARTEMIS,97,"PCV Mode: The transition from PCV to PSV shall occur if ventilation is on, the transition from PCV to PSV shall occur at the end of a PCV inspiratory time if the change mode command has been received from the GUI.",!(inspiratoryPhaseEnd & PSVModeSelected) U ((inspiratoryPhaseEnd & PSVModeSelected) & G(PCVMode -> ((ventilating & PSVMode)))),G((PCVMode & ventilating) | (PCVMode & inspiratoryPhaseEnd & PSVModeSelected) -> X PSVMode),False
ARTEMIS,97,"PCV Mode: The transition from PCV to PSV shall occur if ventilation is on, the transition from PCV to PSV shall occur at the end of a PCV inspiratory time if the change mode command has been received from the GUI.",!(inspiratoryPhaseEnd & PSVModeSelected) U ((inspiratoryPhaseEnd & PSVModeSelected) & G(PCVMode -> ((ventilating & PSVMode)))),G((PCVMode & ventilating) | (PCVMode & inspiratoryPhaseEnd & PSVModeSelected) -> X PSVMode),False
ARTEMIS,97,"PCV Mode: The transition from PCV to PSV shall occur if ventilation is on, the transition from PCV to PSV shall occur at the end of a PCV inspiratory time if the change mode command has been received from the GUI.",!(inspiratoryPhaseEnd & PSVModeSelected) U ((inspiratoryPhaseEnd & PSVModeSelected) & G(PCVMode -> ((ventilating & PSVMode)))),G((PCVMode & ventilating) | (PCVMode & inspiratoryPhaseEnd & PSVModeSelected) -> X PSVMode),False
ARTEMIS,97,"PCV Mode: The transition from PCV to PSV shall occur if ventilation is on, the transition from PCV to PSV shall occur at the end of a PCV inspiratory time if the change mode command has been received from the GUI.",!(inspiratoryPhaseEnd & PSVModeSelected) U ((inspiratoryPhaseEnd & PSVModeSelected) & G(PCVMode -> ((ventilating & PSVMode)))),G((ventilating & PCVMode) -> F PSVMode) & G((PCVMode & inspiratoryPhaseEnd & PSVModeSelected) -> F PSVMode),False
ARTEMIS,97,"PCV Mode: The transition from PCV to PSV shall occur if ventilation is on, the transition from PCV to PSV shall occur at the end of a PCV inspiratory time if the change mode command has been received from the GUI.",!(inspiratoryPhaseEnd & PSVModeSelected) U ((inspiratoryPhaseEnd & PSVModeSelected) & G(PCVMode -> ((ventilating & PSVMode)))),G((ventilating & PCVMode) -> F PSVMode) & G((inspiratoryPhaseEnd & PCVMode & PSVModeSelected) -> F PSVMode),False
ARTEMIS,97,"PCV Mode: The transition from PCV to PSV shall occur if ventilation is on, the transition from PCV to PSV shall occur at the end of a PCV inspiratory time if the change mode command has been received from the GUI.",!(inspiratoryPhaseEnd & PSVModeSelected) U ((inspiratoryPhaseEnd & PSVModeSelected) & G(PCVMode -> ((ventilating & PSVMode)))),G((PCVMode & ventilating) | (PCVMode & inspiratoryPhaseEnd & PSVModeSelected) -> X PSVMode),False
ARTEMIS,97,"PCV Mode: The transition from PCV to PSV shall occur if ventilation is on, the transition from PCV to PSV shall occur at the end of a PCV inspiratory time if the change mode command has been received from the GUI.",!(inspiratoryPhaseEnd & PSVModeSelected) U ((inspiratoryPhaseEnd & PSVModeSelected) & G(PCVMode -> ((ventilating & PSVMode)))),G((PCVMode & ventilating) | (PCVMode & inspiratoryPhaseEnd & PSVModeSelected) -> X PSVMode),False
ARTEMIS,97,"PCV Mode: The transition from PCV to PSV shall occur if ventilation is on, the transition from PCV to PSV shall occur at the end of a PCV inspiratory time if the change mode command has been received from the GUI.",!(inspiratoryPhaseEnd & PSVModeSelected) U ((inspiratoryPhaseEnd & PSVModeSelected) & G(PCVMode -> ((ventilating & PSVMode)))),G((ventilating & PCVMode) -> F PSVMode) & G((inspiratoryPhaseEnd & PCVMode & PSVModeSelected) -> F PSVMode),False
ARTEMIS,97,"PCV Mode: The transition from PCV to PSV shall occur if ventilation is on, the transition from PCV to PSV shall occur at the end of a PCV inspiratory time if the change mode command has been received from the GUI.",!(inspiratoryPhaseEnd & PSVModeSelected) U ((inspiratoryPhaseEnd & PSVModeSelected) & G(PCVMode -> ((ventilating & PSVMode)))),G((ventilating & PCVMode) -> F PSVMode) & G((PCVMode & inspiratoryPhaseEnd & PSVModeSelected) -> F PSVMode),False
ARTEMIS,97,"PCV Mode: The transition from PCV to PSV shall occur if ventilation is on, the transition from PCV to PSV shall occur at the end of a PCV inspiratory time if the change mode command has been received from the GUI.",!(inspiratoryPhaseEnd & PSVModeSelected) U ((inspiratoryPhaseEnd & PSVModeSelected) & G(PCVMode -> ((ventilating & PSVMode)))),G((PCVMode & ventilating) | (PCVMode & inspiratoryPhaseEnd & PSVModeSelected) -> X PSVMode),False
ARTEMIS,97,"PCV Mode: The transition from PCV to PSV shall occur if ventilation is on, the transition from PCV to PSV shall occur at the end of a PCV inspiratory time if the change mode command has been received from the GUI.",!(inspiratoryPhaseEnd & PSVModeSelected) U ((inspiratoryPhaseEnd & PSVModeSelected) & G(PCVMode -> ((ventilating & PSVMode)))),G((ventilating & PCVMode) -> F PSVMode) & G((inspiratoryPhaseEnd & PCVMode & PSVModeSelected) -> F PSVMode),False
ARTEMIS,97,"PCV Mode: The transition from PCV to PSV shall occur if ventilation is on, the transition from PCV to PSV shall occur at the end of a PCV inspiratory time if the change mode command has been received from the GUI.",!(inspiratoryPhaseEnd & PSVModeSelected) U ((inspiratoryPhaseEnd & PSVModeSelected) & G(PCVMode -> ((ventilating & PSVMode)))),G((ventilating & PCVMode) -> F PSVMode) & G((PCVMode & inspiratoryPhaseEnd & PSVModeSelected) -> F PSVMode),False
ARTEMIS,97,"PCV Mode: The transition from PCV to PSV shall occur if ventilation is on, the transition from PCV to PSV shall occur at the end of a PCV inspiratory time if the change mode command has been received from the GUI.",!(inspiratoryPhaseEnd & PSVModeSelected) U ((inspiratoryPhaseEnd & PSVModeSelected) & G(PCVMode -> ((ventilating & PSVMode)))),G((ventilating & PCVMode) -> F PSVMode) & G((PCVMode & inspiratoryPhaseEnd & PSVModeSelected) -> F PSVMode),False
ARTEMIS,97,"PCV Mode: The transition from PCV to PSV shall occur if ventilation is on, the transition from PCV to PSV shall occur at the end of a PCV inspiratory time if the change mode command has been received from the GUI.",!(inspiratoryPhaseEnd & PSVModeSelected) U ((inspiratoryPhaseEnd & PSVModeSelected) & G(PCVMode -> ((ventilating & PSVMode)))),G((PCVMode & ventilating) | (PCVMode & inspiratoryPhaseEnd & PSVModeSelected) -> X PSVMode),False
ARTEMIS,97,"PCV Mode: The transition from PCV to PSV shall occur if ventilation is on, the transition from PCV to PSV shall occur at the end of a PCV inspiratory time if the change mode command has been received from the GUI.",!(inspiratoryPhaseEnd & PSVModeSelected) U ((inspiratoryPhaseEnd & PSVModeSelected) & G(PCVMode -> ((ventilating & PSVMode)))),G((ventilating & PCVMode) -> F PSVMode) & G((PCVMode & inspiratoryPhaseEnd & PSVModeSelected) -> F PSVMode),False
ARTEMIS,97,"PCV Mode: The transition from PCV to PSV shall occur if ventilation is on, the transition from PCV to PSV shall occur at the end of a PCV inspiratory time if the change mode command has been received from the GUI.",!(inspiratoryPhaseEnd & PSVModeSelected) U ((inspiratoryPhaseEnd & PSVModeSelected) & G(PCVMode -> ((ventilating & PSVMode)))),G((ventilating & PCVMode) -> F PSVMode) & G((inspiratoryPhaseEnd & PCVMode & PSVModeSelected) -> F PSVMode),False
ARTEMIS,97,"PCV Mode: The transition from PCV to PSV shall occur if ventilation is on, the transition from PCV to PSV shall occur at the end of a PCV inspiratory time if the change mode command has been received from the GUI.",!(inspiratoryPhaseEnd & PSVModeSelected) U ((inspiratoryPhaseEnd & PSVModeSelected) & G(PCVMode -> ((ventilating & PSVMode)))),G((PCVMode & ventilating) | (PCVMode & inspiratoryPhaseEnd & PSVModeSelected) -> X PSVMode),False
ARTEMIS,97,"PCV Mode: The transition from PCV to PSV shall occur if ventilation is on, the transition from PCV to PSV shall occur at the end of a PCV inspiratory time if the change mode command has been received from the GUI.",!(inspiratoryPhaseEnd & PSVModeSelected) U ((inspiratoryPhaseEnd & PSVModeSelected) & G(PCVMode -> ((ventilating & PSVMode)))),G((PCVMode & ventilating) | (PCVMode & inspiratoryPhaseEnd & PSVModeSelected) -> X PSVMode),False
ARTEMIS,97,"PCV Mode: The transition from PCV to PSV shall occur if ventilation is on, the transition from PCV to PSV shall occur at the end of a PCV inspiratory time if the change mode command has been received from the GUI.",!(inspiratoryPhaseEnd & PSVModeSelected) U ((inspiratoryPhaseEnd & PSVModeSelected) & G(PCVMode -> ((ventilating & PSVMode)))),G((PCVMode & ventilating) | (PCVMode & inspiratoryPhaseEnd & PSVModeSelected) -> X PSVMode),False
ARTEMIS,97,"PCV Mode: The transition from PCV to PSV shall occur if ventilation is on, the transition from PCV to PSV shall occur at the end of a PCV inspiratory time if the change mode command has been received from the GUI.",!(inspiratoryPhaseEnd & PSVModeSelected) U ((inspiratoryPhaseEnd & PSVModeSelected) & G(PCVMode -> ((ventilating & PSVMode)))),G((PCVMode & ventilating) | (PCVMode & inspiratoryPhaseEnd & PSVModeSelected) -> X PSVMode),False
ARTEMIS,97,"PCV Mode: The transition from PCV to PSV shall occur if ventilation is on, the transition from PCV to PSV shall occur at the end of a PCV inspiratory time if the change mode command has been received from the GUI.",!(inspiratoryPhaseEnd & PSVModeSelected) U ((inspiratoryPhaseEnd & PSVModeSelected) & G(PCVMode -> ((ventilating & PSVMode)))),G((PCVMode & ventilating) | (PCVMode & inspiratoryPhaseEnd & PSVModeSelected) -> X PSVMode),False
ARTEMIS,97,"PCV Mode: The transition from PCV to PSV shall occur if ventilation is on, the transition from PCV to PSV shall occur at the end of a PCV inspiratory time if the change mode command has been received from the GUI.",!(inspiratoryPhaseEnd & PSVModeSelected) U ((inspiratoryPhaseEnd & PSVModeSelected) & G(PCVMode -> ((ventilating & PSVMode)))),G((PCVMode & ventilating) | (PCVMode & inspiratoryPhaseEnd & PSVModeSelected) -> X PSVMode),False
ARTEMIS,97,"PCV Mode: The transition from PCV to PSV shall occur if ventilation is on, the transition from PCV to PSV shall occur at the end of a PCV inspiratory time if the change mode command has been received from the GUI.",!(inspiratoryPhaseEnd & PSVModeSelected) U ((inspiratoryPhaseEnd & PSVModeSelected) & G(PCVMode -> ((ventilating & PSVMode)))),G((ventilating & PCVMode) -> F PSVMode) & G((inspiratoryPhaseEnd & PCVMode & PSVModeSelected) -> F PSVMode),False
ARTEMIS,97,"PCV Mode: The transition from PCV to PSV shall occur if ventilation is on, the transition from PCV to PSV shall occur at the end of a PCV inspiratory time if the change mode command has been received from the GUI.",!(inspiratoryPhaseEnd & PSVModeSelected) U ((inspiratoryPhaseEnd & PSVModeSelected) & G(PCVMode -> ((ventilating & PSVMode)))),G((PCVMode & ventilating) | (PCVMode & inspiratoryPhaseEnd & PSVModeSelected) -> X PSVMode),False
ARTEMIS,97,"PCV Mode: The transition from PCV to PSV shall occur if ventilation is on, the transition from PCV to PSV shall occur at the end of a PCV inspiratory time if the change mode command has been received from the GUI.",!(inspiratoryPhaseEnd & PSVModeSelected) U ((inspiratoryPhaseEnd & PSVModeSelected) & G(PCVMode -> ((ventilating & PSVMode)))),G((ventilating & PCVMode) -> F PSVMode) & G((inspiratoryPhaseEnd & PCVMode & PSVModeSelected) -> F PSVMode),False
ARTEMIS,97,"PCV Mode: The transition from PCV to PSV shall occur if ventilation is on, the transition from PCV to PSV shall occur at the end of a PCV inspiratory time if the change mode command has been received from the GUI.",!(inspiratoryPhaseEnd & PSVModeSelected) U ((inspiratoryPhaseEnd & PSVModeSelected) & G(PCVMode -> ((ventilating & PSVMode)))),G((ventilating & PCVMode) -> F PSVMode) & G((inspiratoryPhaseEnd & PCVMode & PSVModeSelected) -> F PSVMode),False
ARTEMIS,97,"PCV Mode: The transition from PCV to PSV shall occur if ventilation is on, the transition from PCV to PSV shall occur at the end of a PCV inspiratory time if the change mode command has been received from the GUI.",!(inspiratoryPhaseEnd & PSVModeSelected) U ((inspiratoryPhaseEnd & PSVModeSelected) & G(PCVMode -> ((ventilating & PSVMode)))),G((ventilating & PCVMode) -> F PSVMode) & G((inspiratoryPhaseEnd & PCVMode & PSVModeSelected) -> F PSVMode),False
ARTEMIS,122,"Start-up Mode: If the external ADC fails to initialize or reports an error condition after a fixed number of retries (maximum 5), the controller shall transition to the fail-safe mode.",!(ADCRetries_greaterThanOrEqual_5 & ( ADCConnFailure | ADCError )) U ((ADCRetries_greaterThanOrEqual_5 & ( ADCConnFailure | ADCError )) & G(StartUpMode -> F(failSafeMode))),G((StartUpMode & (ADCConnFailure | (ADCError & ADCRetries_greaterThanOrEqual_5))) -> F failSafeMode),False
ARTEMIS,122,"Start-up Mode: If the external ADC fails to initialize or reports an error condition after a fixed number of retries (maximum 5), the controller shall transition to the fail-safe mode.",!(ADCRetries_greaterThanOrEqual_5 & ( ADCConnFailure | ADCError )) U ((ADCRetries_greaterThanOrEqual_5 & ( ADCConnFailure | ADCError )) & G(StartUpMode -> F(failSafeMode))),G((StartUpMode & (ADCConnFailure | (ADCError & ADCRetries_greaterThanOrEqual_5))) -> F failSafeMode),False
ARTEMIS,122,"Start-up Mode: If the external ADC fails to initialize or reports an error condition after a fixed number of retries (maximum 5), the controller shall transition to the fail-safe mode.",!(ADCRetries_greaterThanOrEqual_5 & ( ADCConnFailure | ADCError )) U ((ADCRetries_greaterThanOrEqual_5 & ( ADCConnFailure | ADCError )) & G(StartUpMode -> F(failSafeMode))),G((StartUpMode & (ADCConnFailure | (ADCError & ADCRetries_greaterThanOrEqual_5))) -> F failSafeMode),False
ARTEMIS,122,"Start-up Mode: If the external ADC fails to initialize or reports an error condition after a fixed number of retries (maximum 5), the controller shall transition to the fail-safe mode.",!(ADCRetries_greaterThanOrEqual_5 & ( ADCConnFailure | ADCError )) U ((ADCRetries_greaterThanOrEqual_5 & ( ADCConnFailure | ADCError )) & G(StartUpMode -> F(failSafeMode))),G((StartUpMode & (ADCConnFailure | (ADCError & ADCRetries_greaterThanOrEqual_5))) -> F failSafeMode),False
ARTEMIS,122,"Start-up Mode: If the external ADC fails to initialize or reports an error condition after a fixed number of retries (maximum 5), the controller shall transition to the fail-safe mode.",!(ADCRetries_greaterThanOrEqual_5 & ( ADCConnFailure | ADCError )) U ((ADCRetries_greaterThanOrEqual_5 & ( ADCConnFailure | ADCError )) & G(StartUpMode -> F(failSafeMode))),G((StartUpMode & (ADCConnFailure | (ADCError & ADCRetries_greaterThanOrEqual_5))) -> F failSafeMode),False
ARTEMIS,122,"Start-up Mode: If the external ADC fails to initialize or reports an error condition after a fixed number of retries (maximum 5), the controller shall transition to the fail-safe mode.",!(ADCRetries_greaterThanOrEqual_5 & ( ADCConnFailure | ADCError )) U ((ADCRetries_greaterThanOrEqual_5 & ( ADCConnFailure | ADCError )) & G(StartUpMode -> F(failSafeMode))),G((StartUpMode & (ADCConnFailure | (ADCError & ADCRetries_greaterThanOrEqual_5))) -> F failSafeMode),False
ARTEMIS,122,"Start-up Mode: If the external ADC fails to initialize or reports an error condition after a fixed number of retries (maximum 5), the controller shall transition to the fail-safe mode.",!(ADCRetries_greaterThanOrEqual_5 & ( ADCConnFailure | ADCError )) U ((ADCRetries_greaterThanOrEqual_5 & ( ADCConnFailure | ADCError )) & G(StartUpMode -> F(failSafeMode))),G((StartUpMode & (ADCConnFailure | (ADCError & ADCRetries_greaterThanOrEqual_5))) -> F failSafeMode),False
ARTEMIS,122,"Start-up Mode: If the external ADC fails to initialize or reports an error condition after a fixed number of retries (maximum 5), the controller shall transition to the fail-safe mode.",!(ADCRetries_greaterThanOrEqual_5 & ( ADCConnFailure | ADCError )) U ((ADCRetries_greaterThanOrEqual_5 & ( ADCConnFailure | ADCError )) & G(StartUpMode -> F(failSafeMode))),G((StartUpMode & (ADCConnFailure | (ADCError & ADCRetries_greaterThanOrEqual_5))) -> F failSafeMode),False
ARTEMIS,122,"Start-up Mode: If the external ADC fails to initialize or reports an error condition after a fixed number of retries (maximum 5), the controller shall transition to the fail-safe mode.",!(ADCRetries_greaterThanOrEqual_5 & ( ADCConnFailure | ADCError )) U ((ADCRetries_greaterThanOrEqual_5 & ( ADCConnFailure | ADCError )) & G(StartUpMode -> F(failSafeMode))),G((StartUpMode & (ADCConnFailure | (ADCError & ADCRetries_greaterThanOrEqual_5))) -> F failSafeMode),False
ARTEMIS,122,"Start-up Mode: If the external ADC fails to initialize or reports an error condition after a fixed number of retries (maximum 5), the controller shall transition to the fail-safe mode.",!(ADCRetries_greaterThanOrEqual_5 & ( ADCConnFailure | ADCError )) U ((ADCRetries_greaterThanOrEqual_5 & ( ADCConnFailure | ADCError )) & G(StartUpMode -> F(failSafeMode))),G((StartUpMode & (ADCConnFailure | (ADCError & ADCRetries_greaterThanOrEqual_5))) -> F failSafeMode),False
ARTEMIS,122,"Start-up Mode: If the external ADC fails to initialize or reports an error condition after a fixed number of retries (maximum 5), the controller shall transition to the fail-safe mode.",!(ADCRetries_greaterThanOrEqual_5 & ( ADCConnFailure | ADCError )) U ((ADCRetries_greaterThanOrEqual_5 & ( ADCConnFailure | ADCError )) & G(StartUpMode -> F(failSafeMode))),G((StartUpMode & (ADCConnFailure | (ADCError & ADCRetries_greaterThanOrEqual_5))) -> F failSafeMode),False
ARTEMIS,122,"Start-up Mode: If the external ADC fails to initialize or reports an error condition after a fixed number of retries (maximum 5), the controller shall transition to the fail-safe mode.",!(ADCRetries_greaterThanOrEqual_5 & ( ADCConnFailure | ADCError )) U ((ADCRetries_greaterThanOrEqual_5 & ( ADCConnFailure | ADCError )) & G(StartUpMode -> F(failSafeMode))),G((StartUpMode & (ADCConnFailure | (ADCError & ADCRetries_greaterThanOrEqual_5))) -> F failSafeMode),False
ARTEMIS,122,"Start-up Mode: If the external ADC fails to initialize or reports an error condition after a fixed number of retries (maximum 5), the controller shall transition to the fail-safe mode.",!(ADCRetries_greaterThanOrEqual_5 & ( ADCConnFailure | ADCError )) U ((ADCRetries_greaterThanOrEqual_5 & ( ADCConnFailure | ADCError )) & G(StartUpMode -> F(failSafeMode))),G((StartUpMode & (ADCConnFailure | (ADCError & ADCRetries_greaterThanOrEqual_5))) -> F failSafeMode),False
ARTEMIS,122,"Start-up Mode: If the external ADC fails to initialize or reports an error condition after a fixed number of retries (maximum 5), the controller shall transition to the fail-safe mode.",!(ADCRetries_greaterThanOrEqual_5 & ( ADCConnFailure | ADCError )) U ((ADCRetries_greaterThanOrEqual_5 & ( ADCConnFailure | ADCError )) & G(StartUpMode -> F(failSafeMode))),G((StartUpMode & (ADCConnFailure | (ADCError & ADCRetries_greaterThanOrEqual_5))) -> F failSafeMode),False
ARTEMIS,122,"Start-up Mode: If the external ADC fails to initialize or reports an error condition after a fixed number of retries (maximum 5), the controller shall transition to the fail-safe mode.",!(ADCRetries_greaterThanOrEqual_5 & ( ADCConnFailure | ADCError )) U ((ADCRetries_greaterThanOrEqual_5 & ( ADCConnFailure | ADCError )) & G(StartUpMode -> F(failSafeMode))),G((StartUpMode & (ADCConnFailure | (ADCError & ADCRetries_greaterThanOrEqual_5))) -> F failSafeMode),False
ARTEMIS,122,"Start-up Mode: If the external ADC fails to initialize or reports an error condition after a fixed number of retries (maximum 5), the controller shall transition to the fail-safe mode.",!(ADCRetries_greaterThanOrEqual_5 & ( ADCConnFailure | ADCError )) U ((ADCRetries_greaterThanOrEqual_5 & ( ADCConnFailure | ADCError )) & G(StartUpMode -> F(failSafeMode))),G((StartUpMode & (ADCConnFailure | (ADCError & ADCRetries_greaterThanOrEqual_5))) -> F failSafeMode),False
ARTEMIS,122,"Start-up Mode: If the external ADC fails to initialize or reports an error condition after a fixed number of retries (maximum 5), the controller shall transition to the fail-safe mode.",!(ADCRetries_greaterThanOrEqual_5 & ( ADCConnFailure | ADCError )) U ((ADCRetries_greaterThanOrEqual_5 & ( ADCConnFailure | ADCError )) & G(StartUpMode -> F(failSafeMode))),G((StartUpMode & (ADCConnFailure | (ADCError & ADCRetries_greaterThanOrEqual_5))) -> F failSafeMode),False
ARTEMIS,122,"Start-up Mode: If the external ADC fails to initialize or reports an error condition after a fixed number of retries (maximum 5), the controller shall transition to the fail-safe mode.",!(ADCRetries_greaterThanOrEqual_5 & ( ADCConnFailure | ADCError )) U ((ADCRetries_greaterThanOrEqual_5 & ( ADCConnFailure | ADCError )) & G(StartUpMode -> F(failSafeMode))),G((StartUpMode & (ADCConnFailure | (ADCError & ADCRetries_greaterThanOrEqual_5))) -> F failSafeMode),False
ARTEMIS,122,"Start-up Mode: If the external ADC fails to initialize or reports an error condition after a fixed number of retries (maximum 5), the controller shall transition to the fail-safe mode.",!(ADCRetries_greaterThanOrEqual_5 & ( ADCConnFailure | ADCError )) U ((ADCRetries_greaterThanOrEqual_5 & ( ADCConnFailure | ADCError )) & G(StartUpMode -> F(failSafeMode))),G((StartUpMode & (ADCConnFailure | (ADCError & ADCRetries_greaterThanOrEqual_5))) -> F failSafeMode),False
ARTEMIS,122,"Start-up Mode: If the external ADC fails to initialize or reports an error condition after a fixed number of retries (maximum 5), the controller shall transition to the fail-safe mode.",!(ADCRetries_greaterThanOrEqual_5 & ( ADCConnFailure | ADCError )) U ((ADCRetries_greaterThanOrEqual_5 & ( ADCConnFailure | ADCError )) & G(StartUpMode -> F(failSafeMode))),G((StartUpMode & (ADCConnFailure | (ADCError & ADCRetries_greaterThanOrEqual_5))) -> F failSafeMode),False
ARTEMIS,122,"Start-up Mode: If the external ADC fails to initialize or reports an error condition after a fixed number of retries (maximum 5), the controller shall transition to the fail-safe mode.",!(ADCRetries_greaterThanOrEqual_5 & ( ADCConnFailure | ADCError )) U ((ADCRetries_greaterThanOrEqual_5 & ( ADCConnFailure | ADCError )) & G(StartUpMode -> F(failSafeMode))),G((StartUpMode & (ADCConnFailure | (ADCError & ADCRetries_greaterThanOrEqual_5))) -> F failSafeMode),False
ARTEMIS,122,"Start-up Mode: If the external ADC fails to initialize or reports an error condition after a fixed number of retries (maximum 5), the controller shall transition to the fail-safe mode.",!(ADCRetries_greaterThanOrEqual_5 & ( ADCConnFailure | ADCError )) U ((ADCRetries_greaterThanOrEqual_5 & ( ADCConnFailure | ADCError )) & G(StartUpMode -> F(failSafeMode))),G((StartUpMode & (ADCConnFailure | (ADCError & ADCRetries_greaterThanOrEqual_5))) -> F failSafeMode),False
ARTEMIS,122,"Start-up Mode: If the external ADC fails to initialize or reports an error condition after a fixed number of retries (maximum 5), the controller shall transition to the fail-safe mode.",!(ADCRetries_greaterThanOrEqual_5 & ( ADCConnFailure | ADCError )) U ((ADCRetries_greaterThanOrEqual_5 & ( ADCConnFailure | ADCError )) & G(StartUpMode -> F(failSafeMode))),G((StartUpMode & (ADCConnFailure | (ADCError & ADCRetries_greaterThanOrEqual_5))) -> F failSafeMode),False
ARTEMIS,122,"Start-up Mode: If the external ADC fails to initialize or reports an error condition after a fixed number of retries (maximum 5), the controller shall transition to the fail-safe mode.",!(ADCRetries_greaterThanOrEqual_5 & ( ADCConnFailure | ADCError )) U ((ADCRetries_greaterThanOrEqual_5 & ( ADCConnFailure | ADCError )) & G(StartUpMode -> F(failSafeMode))),G((StartUpMode & (ADCConnFailure | (ADCError & ADCRetries_greaterThanOrEqual_5))) -> F failSafeMode),False
ARTEMIS,122,"Start-up Mode: If the external ADC fails to initialize or reports an error condition after a fixed number of retries (maximum 5), the controller shall transition to the fail-safe mode.",!(ADCRetries_greaterThanOrEqual_5 & ( ADCConnFailure | ADCError )) U ((ADCRetries_greaterThanOrEqual_5 & ( ADCConnFailure | ADCError )) & G(StartUpMode -> F(failSafeMode))),G((StartUpMode & (ADCConnFailure | (ADCError & ADCRetries_greaterThanOrEqual_5))) -> F failSafeMode),False
ARTEMIS,122,"Start-up Mode: If the external ADC fails to initialize or reports an error condition after a fixed number of retries (maximum 5), the controller shall transition to the fail-safe mode.",!(ADCRetries_greaterThanOrEqual_5 & ( ADCConnFailure | ADCError )) U ((ADCRetries_greaterThanOrEqual_5 & ( ADCConnFailure | ADCError )) & G(StartUpMode -> F(failSafeMode))),G((StartUpMode & (ADCConnFailure | (ADCError & ADCRetries_greaterThanOrEqual_5))) -> F failSafeMode),False
ARTEMIS,122,"Start-up Mode: If the external ADC fails to initialize or reports an error condition after a fixed number of retries (maximum 5), the controller shall transition to the fail-safe mode.",!(ADCRetries_greaterThanOrEqual_5 & ( ADCConnFailure | ADCError )) U ((ADCRetries_greaterThanOrEqual_5 & ( ADCConnFailure | ADCError )) & G(StartUpMode -> F(failSafeMode))),G((StartUpMode & (ADCConnFailure | (ADCError & ADCRetries_greaterThanOrEqual_5))) -> F failSafeMode),False
ARTEMIS,122,"Start-up Mode: If the external ADC fails to initialize or reports an error condition after a fixed number of retries (maximum 5), the controller shall transition to the fail-safe mode.",!(ADCRetries_greaterThanOrEqual_5 & ( ADCConnFailure | ADCError )) U ((ADCRetries_greaterThanOrEqual_5 & ( ADCConnFailure | ADCError )) & G(StartUpMode -> F(failSafeMode))),G((StartUpMode & (ADCConnFailure | (ADCError & ADCRetries_greaterThanOrEqual_5))) -> F failSafeMode),False
ARTEMIS,122,"Start-up Mode: If the external ADC fails to initialize or reports an error condition after a fixed number of retries (maximum 5), the controller shall transition to the fail-safe mode.",!(ADCRetries_greaterThanOrEqual_5 & ( ADCConnFailure | ADCError )) U ((ADCRetries_greaterThanOrEqual_5 & ( ADCConnFailure | ADCError )) & G(StartUpMode -> F(failSafeMode))),G((StartUpMode & (ADCConnFailure | (ADCError & ADCRetries_greaterThanOrEqual_5))) -> F failSafeMode),False
ARTEMIS,122,"Start-up Mode: If the external ADC fails to initialize or reports an error condition after a fixed number of retries (maximum 5), the controller shall transition to the fail-safe mode.",!(ADCRetries_greaterThanOrEqual_5 & ( ADCConnFailure | ADCError )) U ((ADCRetries_greaterThanOrEqual_5 & ( ADCConnFailure | ADCError )) & G(StartUpMode -> F(failSafeMode))),G((StartUpMode & (ADCConnFailure | (ADCError & ADCRetries_greaterThanOrEqual_5))) -> F failSafeMode),False
ARTEMIS,122,"Start-up Mode: If the external ADC fails to initialize or reports an error condition after a fixed number of retries (maximum 5), the controller shall transition to the fail-safe mode.",!(ADCRetries_greaterThanOrEqual_5 & ( ADCConnFailure | ADCError )) U ((ADCRetries_greaterThanOrEqual_5 & ( ADCConnFailure | ADCError )) & G(StartUpMode -> F(failSafeMode))),G((StartUpMode & (ADCConnFailure | (ADCError & ADCRetries_greaterThanOrEqual_5))) -> F failSafeMode),False
ARTEMIS,122,"Start-up Mode: If the external ADC fails to initialize or reports an error condition after a fixed number of retries (maximum 5), the controller shall transition to the fail-safe mode.",!(ADCRetries_greaterThanOrEqual_5 & ( ADCConnFailure | ADCError )) U ((ADCRetries_greaterThanOrEqual_5 & ( ADCConnFailure | ADCError )) & G(StartUpMode -> F(failSafeMode))),G((StartUpMode & (ADCConnFailure | (ADCError & ADCRetries_greaterThanOrEqual_5))) -> F failSafeMode),False
ARTEMIS,122,"Start-up Mode: If the external ADC fails to initialize or reports an error condition after a fixed number of retries (maximum 5), the controller shall transition to the fail-safe mode.",!(ADCRetries_greaterThanOrEqual_5 & ( ADCConnFailure | ADCError )) U ((ADCRetries_greaterThanOrEqual_5 & ( ADCConnFailure | ADCError )) & G(StartUpMode -> F(failSafeMode))),G((StartUpMode & (ADCConnFailure | (ADCError & ADCRetries_greaterThanOrEqual_5))) -> F failSafeMode),False
ARTEMIS,122,"Start-up Mode: If the external ADC fails to initialize or reports an error condition after a fixed number of retries (maximum 5), the controller shall transition to the fail-safe mode.",!(ADCRetries_greaterThanOrEqual_5 & ( ADCConnFailure | ADCError )) U ((ADCRetries_greaterThanOrEqual_5 & ( ADCConnFailure | ADCError )) & G(StartUpMode -> F(failSafeMode))),G((StartUpMode & (ADCConnFailure | (ADCError & ADCRetries_greaterThanOrEqual_5))) -> F failSafeMode),False
ARTEMIS,122,"Start-up Mode: If the external ADC fails to initialize or reports an error condition after a fixed number of retries (maximum 5), the controller shall transition to the fail-safe mode.",!(ADCRetries_greaterThanOrEqual_5 & ( ADCConnFailure | ADCError )) U ((ADCRetries_greaterThanOrEqual_5 & ( ADCConnFailure | ADCError )) & G(StartUpMode -> F(failSafeMode))),G((StartUpMode & (ADCConnFailure | (ADCError & ADCRetries_greaterThanOrEqual_5))) -> F failSafeMode),False
ARTEMIS,122,"Start-up Mode: If the external ADC fails to initialize or reports an error condition after a fixed number of retries (maximum 5), the controller shall transition to the fail-safe mode.",!(ADCRetries_greaterThanOrEqual_5 & ( ADCConnFailure | ADCError )) U ((ADCRetries_greaterThanOrEqual_5 & ( ADCConnFailure | ADCError )) & G(StartUpMode -> F(failSafeMode))),G((StartUpMode & (ADCConnFailure | (ADCError & ADCRetries_greaterThanOrEqual_5))) -> F failSafeMode),False
ARTEMIS,122,"Start-up Mode: If the external ADC fails to initialize or reports an error condition after a fixed number of retries (maximum 5), the controller shall transition to the fail-safe mode.",!(ADCRetries_greaterThanOrEqual_5 & ( ADCConnFailure | ADCError )) U ((ADCRetries_greaterThanOrEqual_5 & ( ADCConnFailure | ADCError )) & G(StartUpMode -> F(failSafeMode))),G((StartUpMode & (ADCConnFailure | (ADCError & ADCRetries_greaterThanOrEqual_5))) -> F failSafeMode),False
ARTEMIS,122,"Start-up Mode: If the external ADC fails to initialize or reports an error condition after a fixed number of retries (maximum 5), the controller shall transition to the fail-safe mode.",!(ADCRetries_greaterThanOrEqual_5 & ( ADCConnFailure | ADCError )) U ((ADCRetries_greaterThanOrEqual_5 & ( ADCConnFailure | ADCError )) & G(StartUpMode -> F(failSafeMode))),G((StartUpMode & (ADCConnFailure | (ADCError & ADCRetries_greaterThanOrEqual_5))) -> F failSafeMode),False
ARTEMIS,122,"Start-up Mode: If the external ADC fails to initialize or reports an error condition after a fixed number of retries (maximum 5), the controller shall transition to the fail-safe mode.",!(ADCRetries_greaterThanOrEqual_5 & ( ADCConnFailure | ADCError )) U ((ADCRetries_greaterThanOrEqual_5 & ( ADCConnFailure | ADCError )) & G(StartUpMode -> F(failSafeMode))),G((StartUpMode & (ADCConnFailure | (ADCError & ADCRetries_greaterThanOrEqual_5))) -> F failSafeMode),False
ARTEMIS,122,"Start-up Mode: If the external ADC fails to initialize or reports an error condition after a fixed number of retries (maximum 5), the controller shall transition to the fail-safe mode.",!(ADCRetries_greaterThanOrEqual_5 & ( ADCConnFailure | ADCError )) U ((ADCRetries_greaterThanOrEqual_5 & ( ADCConnFailure | ADCError )) & G(StartUpMode -> F(failSafeMode))),G((StartUpMode & (ADCConnFailure | (ADCError & ADCRetries_greaterThanOrEqual_5))) -> F failSafeMode),False
ARTEMIS,122,"Start-up Mode: If the external ADC fails to initialize or reports an error condition after a fixed number of retries (maximum 5), the controller shall transition to the fail-safe mode.",!(ADCRetries_greaterThanOrEqual_5 & ( ADCConnFailure | ADCError )) U ((ADCRetries_greaterThanOrEqual_5 & ( ADCConnFailure | ADCError )) & G(StartUpMode -> F(failSafeMode))),G((StartUpMode & (ADCConnFailure | (ADCError & ADCRetries_greaterThanOrEqual_5))) -> F failSafeMode),False
ARTEMIS,122,"Start-up Mode: If the external ADC fails to initialize or reports an error condition after a fixed number of retries (maximum 5), the controller shall transition to the fail-safe mode.",!(ADCRetries_greaterThanOrEqual_5 & ( ADCConnFailure | ADCError )) U ((ADCRetries_greaterThanOrEqual_5 & ( ADCConnFailure | ADCError )) & G(StartUpMode -> F(failSafeMode))),G((StartUpMode & (ADCConnFailure | (ADCError & ADCRetries_greaterThanOrEqual_5))) -> F failSafeMode),False
ARTEMIS,122,"Start-up Mode: If the external ADC fails to initialize or reports an error condition after a fixed number of retries (maximum 5), the controller shall transition to the fail-safe mode.",!(ADCRetries_greaterThanOrEqual_5 & ( ADCConnFailure | ADCError )) U ((ADCRetries_greaterThanOrEqual_5 & ( ADCConnFailure | ADCError )) & G(StartUpMode -> F(failSafeMode))),G((StartUpMode & (ADCConnFailure | (ADCError & ADCRetries_greaterThanOrEqual_5))) -> F failSafeMode),False
ARTEMIS,122,"Start-up Mode: If the external ADC fails to initialize or reports an error condition after a fixed number of retries (maximum 5), the controller shall transition to the fail-safe mode.",!(ADCRetries_greaterThanOrEqual_5 & ( ADCConnFailure | ADCError )) U ((ADCRetries_greaterThanOrEqual_5 & ( ADCConnFailure | ADCError )) & G(StartUpMode -> F(failSafeMode))),G((StartUpMode & (ADCConnFailure | (ADCError & ADCRetries_greaterThanOrEqual_5))) -> F failSafeMode),False
ARTEMIS,122,"Start-up Mode: If the external ADC fails to initialize or reports an error condition after a fixed number of retries (maximum 5), the controller shall transition to the fail-safe mode.",!(ADCRetries_greaterThanOrEqual_5 & ( ADCConnFailure | ADCError )) U ((ADCRetries_greaterThanOrEqual_5 & ( ADCConnFailure | ADCError )) & G(StartUpMode -> F(failSafeMode))),G((StartUpMode & (ADCConnFailure | (ADCError & ADCRetries_greaterThanOrEqual_5))) -> F failSafeMode),False
ARTEMIS,122,"Start-up Mode: If the external ADC fails to initialize or reports an error condition after a fixed number of retries (maximum 5), the controller shall transition to the fail-safe mode.",!(ADCRetries_greaterThanOrEqual_5 & ( ADCConnFailure | ADCError )) U ((ADCRetries_greaterThanOrEqual_5 & ( ADCConnFailure | ADCError )) & G(StartUpMode -> F(failSafeMode))),G((StartUpMode & (ADCConnFailure | (ADCError & ADCRetries_greaterThanOrEqual_5))) -> F failSafeMode),False
ARTEMIS,122,"Start-up Mode: If the external ADC fails to initialize or reports an error condition after a fixed number of retries (maximum 5), the controller shall transition to the fail-safe mode.",!(ADCRetries_greaterThanOrEqual_5 & ( ADCConnFailure | ADCError )) U ((ADCRetries_greaterThanOrEqual_5 & ( ADCConnFailure | ADCError )) & G(StartUpMode -> F(failSafeMode))),G((StartUpMode & (ADCConnFailure | (ADCError & ADCRetries_greaterThanOrEqual_5))) -> F failSafeMode),False
ARTEMIS,122,"Start-up Mode: If the external ADC fails to initialize or reports an error condition after a fixed number of retries (maximum 5), the controller shall transition to the fail-safe mode.",!(ADCRetries_greaterThanOrEqual_5 & ( ADCConnFailure | ADCError )) U ((ADCRetries_greaterThanOrEqual_5 & ( ADCConnFailure | ADCError )) & G(StartUpMode -> F(failSafeMode))),G((StartUpMode & (ADCConnFailure | (ADCError & ADCRetries_greaterThanOrEqual_5))) -> F failSafeMode),False
ARTEMIS,122,"Start-up Mode: If the external ADC fails to initialize or reports an error condition after a fixed number of retries (maximum 5), the controller shall transition to the fail-safe mode.",!(ADCRetries_greaterThanOrEqual_5 & ( ADCConnFailure | ADCError )) U ((ADCRetries_greaterThanOrEqual_5 & ( ADCConnFailure | ADCError )) & G(StartUpMode -> F(failSafeMode))),G((StartUpMode & (ADCConnFailure | (ADCError & ADCRetries_greaterThanOrEqual_5))) -> F failSafeMode),False
ARTEMIS,122,"Start-up Mode: If the external ADC fails to initialize or reports an error condition after a fixed number of retries (maximum 5), the controller shall transition to the fail-safe mode.",!(ADCRetries_greaterThanOrEqual_5 & ( ADCConnFailure | ADCError )) U ((ADCRetries_greaterThanOrEqual_5 & ( ADCConnFailure | ADCError )) & G(StartUpMode -> F(failSafeMode))),G((StartUpMode & (ADCConnFailure | (ADCError & ADCRetries_greaterThanOrEqual_5))) -> F failSafeMode),False
ARTEMIS,122,"Start-up Mode: If the external ADC fails to initialize or reports an error condition after a fixed number of retries (maximum 5), the controller shall transition to the fail-safe mode.",!(ADCRetries_greaterThanOrEqual_5 & ( ADCConnFailure | ADCError )) U ((ADCRetries_greaterThanOrEqual_5 & ( ADCConnFailure | ADCError )) & G(StartUpMode -> F(failSafeMode))),G((StartUpMode & (ADCConnFailure | (ADCError & ADCRetries_greaterThanOrEqual_5))) -> F failSafeMode),False
ARTEMIS,122,"Start-up Mode: If the external ADC fails to initialize or reports an error condition after a fixed number of retries (maximum 5), the controller shall transition to the fail-safe mode.",!(ADCRetries_greaterThanOrEqual_5 & ( ADCConnFailure | ADCError )) U ((ADCRetries_greaterThanOrEqual_5 & ( ADCConnFailure | ADCError )) & G(StartUpMode -> F(failSafeMode))),G((StartUpMode & (ADCConnFailure | (ADCError & ADCRetries_greaterThanOrEqual_5))) -> F failSafeMode),False
ARTEMIS,122,"Start-up Mode: If the external ADC fails to initialize or reports an error condition after a fixed number of retries (maximum 5), the controller shall transition to the fail-safe mode.",!(ADCRetries_greaterThanOrEqual_5 & ( ADCConnFailure | ADCError )) U ((ADCRetries_greaterThanOrEqual_5 & ( ADCConnFailure | ADCError )) & G(StartUpMode -> F(failSafeMode))),G((StartUpMode & (ADCConnFailure | (ADCError & ADCRetries_greaterThanOrEqual_5))) -> F failSafeMode),False
ARTEMIS,122,"Start-up Mode: If the external ADC fails to initialize or reports an error condition after a fixed number of retries (maximum 5), the controller shall transition to the fail-safe mode.",!(ADCRetries_greaterThanOrEqual_5 & ( ADCConnFailure | ADCError )) U ((ADCRetries_greaterThanOrEqual_5 & ( ADCConnFailure | ADCError )) & G(StartUpMode -> F(failSafeMode))),G((StartUpMode & (ADCConnFailure | (ADCError & ADCRetries_greaterThanOrEqual_5))) -> F failSafeMode),False
ARTEMIS,122,"Start-up Mode: If the external ADC fails to initialize or reports an error condition after a fixed number of retries (maximum 5), the controller shall transition to the fail-safe mode.",!(ADCRetries_greaterThanOrEqual_5 & ( ADCConnFailure | ADCError )) U ((ADCRetries_greaterThanOrEqual_5 & ( ADCConnFailure | ADCError )) & G(StartUpMode -> F(failSafeMode))),G((StartUpMode & (ADCConnFailure | (ADCError & ADCRetries_greaterThanOrEqual_5))) -> F failSafeMode),False
ARTEMIS,122,"Start-up Mode: If the external ADC fails to initialize or reports an error condition after a fixed number of retries (maximum 5), the controller shall transition to the fail-safe mode.",!(ADCRetries_greaterThanOrEqual_5 & ( ADCConnFailure | ADCError )) U ((ADCRetries_greaterThanOrEqual_5 & ( ADCConnFailure | ADCError )) & G(StartUpMode -> F(failSafeMode))),G((StartUpMode & (ADCConnFailure | (ADCError & ADCRetries_greaterThanOrEqual_5))) -> F failSafeMode),False
ARTEMIS,122,"Start-up Mode: If the external ADC fails to initialize or reports an error condition after a fixed number of retries (maximum 5), the controller shall transition to the fail-safe mode.",!(ADCRetries_greaterThanOrEqual_5 & ( ADCConnFailure | ADCError )) U ((ADCRetries_greaterThanOrEqual_5 & ( ADCConnFailure | ADCError )) & G(StartUpMode -> F(failSafeMode))),G((StartUpMode & (ADCConnFailure | (ADCError & ADCRetries_greaterThanOrEqual_5))) -> F failSafeMode),False
ARTEMIS,122,"Start-up Mode: If the external ADC fails to initialize or reports an error condition after a fixed number of retries (maximum 5), the controller shall transition to the fail-safe mode.",!(ADCRetries_greaterThanOrEqual_5 & ( ADCConnFailure | ADCError )) U ((ADCRetries_greaterThanOrEqual_5 & ( ADCConnFailure | ADCError )) & G(StartUpMode -> F(failSafeMode))),G((StartUpMode & (ADCConnFailure | (ADCError & ADCRetries_greaterThanOrEqual_5))) -> F failSafeMode),False
ARTEMIS,122,"Start-up Mode: If the external ADC fails to initialize or reports an error condition after a fixed number of retries (maximum 5), the controller shall transition to the fail-safe mode.",!(ADCRetries_greaterThanOrEqual_5 & ( ADCConnFailure | ADCError )) U ((ADCRetries_greaterThanOrEqual_5 & ( ADCConnFailure | ADCError )) & G(StartUpMode -> F(failSafeMode))),G((StartUpMode & (ADCConnFailure | (ADCError & ADCRetries_greaterThanOrEqual_5))) -> F failSafeMode),False
ARTEMIS,122,"Start-up Mode: If the external ADC fails to initialize or reports an error condition after a fixed number of retries (maximum 5), the controller shall transition to the fail-safe mode.",!(ADCRetries_greaterThanOrEqual_5 & ( ADCConnFailure | ADCError )) U ((ADCRetries_greaterThanOrEqual_5 & ( ADCConnFailure | ADCError )) & G(StartUpMode -> F(failSafeMode))),G((StartUpMode & (ADCConnFailure | (ADCError & ADCRetries_greaterThanOrEqual_5))) -> F failSafeMode),False
ARTEMIS,122,"Start-up Mode: If the external ADC fails to initialize or reports an error condition after a fixed number of retries (maximum 5), the controller shall transition to the fail-safe mode.",!(ADCRetries_greaterThanOrEqual_5 & ( ADCConnFailure | ADCError )) U ((ADCRetries_greaterThanOrEqual_5 & ( ADCConnFailure | ADCError )) & G(StartUpMode -> F(failSafeMode))),G((StartUpMode & (ADCConnFailure | (ADCError & ADCRetries_greaterThanOrEqual_5))) -> F failSafeMode),False
ARTEMIS,122,"Start-up Mode: If the external ADC fails to initialize or reports an error condition after a fixed number of retries (maximum 5), the controller shall transition to the fail-safe mode.",!(ADCRetries_greaterThanOrEqual_5 & ( ADCConnFailure | ADCError )) U ((ADCRetries_greaterThanOrEqual_5 & ( ADCConnFailure | ADCError )) & G(StartUpMode -> F(failSafeMode))),G((StartUpMode & (ADCConnFailure | (ADCError & ADCRetries_greaterThanOrEqual_5))) -> F failSafeMode),False
ARTEMIS,122,"Start-up Mode: If the external ADC fails to initialize or reports an error condition after a fixed number of retries (maximum 5), the controller shall transition to the fail-safe mode.",!(ADCRetries_greaterThanOrEqual_5 & ( ADCConnFailure | ADCError )) U ((ADCRetries_greaterThanOrEqual_5 & ( ADCConnFailure | ADCError )) & G(StartUpMode -> F(failSafeMode))),G((StartUpMode & (ADCConnFailure | (ADCError & ADCRetries_greaterThanOrEqual_5))) -> F failSafeMode),False
ARTEMIS,122,"Start-up Mode: If the external ADC fails to initialize or reports an error condition after a fixed number of retries (maximum 5), the controller shall transition to the fail-safe mode.",!(ADCRetries_greaterThanOrEqual_5 & ( ADCConnFailure | ADCError )) U ((ADCRetries_greaterThanOrEqual_5 & ( ADCConnFailure | ADCError )) & G(StartUpMode -> F(failSafeMode))),G((StartUpMode & (ADCConnFailure | (ADCError & ADCRetries_greaterThanOrEqual_5))) -> F failSafeMode),False
ARTEMIS,122,"Start-up Mode: If the external ADC fails to initialize or reports an error condition after a fixed number of retries (maximum 5), the controller shall transition to the fail-safe mode.",!(ADCRetries_greaterThanOrEqual_5 & ( ADCConnFailure | ADCError )) U ((ADCRetries_greaterThanOrEqual_5 & ( ADCConnFailure | ADCError )) & G(StartUpMode -> F(failSafeMode))),G((StartUpMode & (ADCConnFailure | (ADCError & ADCRetries_greaterThanOrEqual_5))) -> F failSafeMode),False
ARTEMIS,122,"Start-up Mode: If the external ADC fails to initialize or reports an error condition after a fixed number of retries (maximum 5), the controller shall transition to the fail-safe mode.",!(ADCRetries_greaterThanOrEqual_5 & ( ADCConnFailure | ADCError )) U ((ADCRetries_greaterThanOrEqual_5 & ( ADCConnFailure | ADCError )) & G(StartUpMode -> F(failSafeMode))),G((StartUpMode & (ADCConnFailure | (ADCError & ADCRetries_greaterThanOrEqual_5))) -> F failSafeMode),False
ARTEMIS,122,"Start-up Mode: If the external ADC fails to initialize or reports an error condition after a fixed number of retries (maximum 5), the controller shall transition to the fail-safe mode.",!(ADCRetries_greaterThanOrEqual_5 & ( ADCConnFailure | ADCError )) U ((ADCRetries_greaterThanOrEqual_5 & ( ADCConnFailure | ADCError )) & G(StartUpMode -> F(failSafeMode))),G((StartUpMode & (ADCConnFailure | (ADCError & ADCRetries_greaterThanOrEqual_5))) -> F failSafeMode),False
ARTEMIS,122,"Start-up Mode: If the external ADC fails to initialize or reports an error condition after a fixed number of retries (maximum 5), the controller shall transition to the fail-safe mode.",!(ADCRetries_greaterThanOrEqual_5 & ( ADCConnFailure | ADCError )) U ((ADCRetries_greaterThanOrEqual_5 & ( ADCConnFailure | ADCError )) & G(StartUpMode -> F(failSafeMode))),G((StartUpMode & (ADCConnFailure | (ADCError & ADCRetries_greaterThanOrEqual_5))) -> F failSafeMode),False
ARTEMIS,122,"Start-up Mode: If the external ADC fails to initialize or reports an error condition after a fixed number of retries (maximum 5), the controller shall transition to the fail-safe mode.",!(ADCRetries_greaterThanOrEqual_5 & ( ADCConnFailure | ADCError )) U ((ADCRetries_greaterThanOrEqual_5 & ( ADCConnFailure | ADCError )) & G(StartUpMode -> F(failSafeMode))),G((StartUpMode & (ADCConnFailure | (ADCError & ADCRetries_greaterThanOrEqual_5))) -> F failSafeMode),False
ARTEMIS,122,"Start-up Mode: If the external ADC fails to initialize or reports an error condition after a fixed number of retries (maximum 5), the controller shall transition to the fail-safe mode.",!(ADCRetries_greaterThanOrEqual_5 & ( ADCConnFailure | ADCError )) U ((ADCRetries_greaterThanOrEqual_5 & ( ADCConnFailure | ADCError )) & G(StartUpMode -> F(failSafeMode))),G((StartUpMode & (ADCConnFailure | (ADCError & ADCRetries_greaterThanOrEqual_5))) -> F failSafeMode),False
ARTEMIS,122,"Start-up Mode: If the external ADC fails to initialize or reports an error condition after a fixed number of retries (maximum 5), the controller shall transition to the fail-safe mode.",!(ADCRetries_greaterThanOrEqual_5 & ( ADCConnFailure | ADCError )) U ((ADCRetries_greaterThanOrEqual_5 & ( ADCConnFailure | ADCError )) & G(StartUpMode -> F(failSafeMode))),G((StartUpMode & (ADCConnFailure | (ADCError & ADCRetries_greaterThanOrEqual_5))) -> F failSafeMode),False
ARTEMIS,122,"Start-up Mode: If the external ADC fails to initialize or reports an error condition after a fixed number of retries (maximum 5), the controller shall transition to the fail-safe mode.",!(ADCRetries_greaterThanOrEqual_5 & ( ADCConnFailure | ADCError )) U ((ADCRetries_greaterThanOrEqual_5 & ( ADCConnFailure | ADCError )) & G(StartUpMode -> F(failSafeMode))),G((StartUpMode & (ADCConnFailure | (ADCError & ADCRetries_greaterThanOrEqual_5))) -> F failSafeMode),False
ARTEMIS,122,"Start-up Mode: If the external ADC fails to initialize or reports an error condition after a fixed number of retries (maximum 5), the controller shall transition to the fail-safe mode.",!(ADCRetries_greaterThanOrEqual_5 & ( ADCConnFailure | ADCError )) U ((ADCRetries_greaterThanOrEqual_5 & ( ADCConnFailure | ADCError )) & G(StartUpMode -> F(failSafeMode))),G((StartUpMode & (ADCConnFailure | (ADCError & ADCRetries_greaterThanOrEqual_5))) -> F failSafeMode),False
ARTEMIS,122,"Start-up Mode: If the external ADC fails to initialize or reports an error condition after a fixed number of retries (maximum 5), the controller shall transition to the fail-safe mode.",!(ADCRetries_greaterThanOrEqual_5 & ( ADCConnFailure | ADCError )) U ((ADCRetries_greaterThanOrEqual_5 & ( ADCConnFailure | ADCError )) & G(StartUpMode -> F(failSafeMode))),G((StartUpMode & (ADCConnFailure | (ADCError & ADCRetries_greaterThanOrEqual_5))) -> F failSafeMode),False
ARTEMIS,122,"Start-up Mode: If the external ADC fails to initialize or reports an error condition after a fixed number of retries (maximum 5), the controller shall transition to the fail-safe mode.",!(ADCRetries_greaterThanOrEqual_5 & ( ADCConnFailure | ADCError )) U ((ADCRetries_greaterThanOrEqual_5 & ( ADCConnFailure | ADCError )) & G(StartUpMode -> F(failSafeMode))),G((StartUpMode & (ADCConnFailure | (ADCError & ADCRetries_greaterThanOrEqual_5))) -> F failSafeMode),False
ARTEMIS,122,"Start-up Mode: If the external ADC fails to initialize or reports an error condition after a fixed number of retries (maximum 5), the controller shall transition to the fail-safe mode.",!(ADCRetries_greaterThanOrEqual_5 & ( ADCConnFailure | ADCError )) U ((ADCRetries_greaterThanOrEqual_5 & ( ADCConnFailure | ADCError )) & G(StartUpMode -> F(failSafeMode))),G((StartUpMode & (ADCConnFailure | (ADCError & ADCRetries_greaterThanOrEqual_5))) -> F failSafeMode),False
ARTEMIS,122,"Start-up Mode: If the external ADC fails to initialize or reports an error condition after a fixed number of retries (maximum 5), the controller shall transition to the fail-safe mode.",!(ADCRetries_greaterThanOrEqual_5 & ( ADCConnFailure | ADCError )) U ((ADCRetries_greaterThanOrEqual_5 & ( ADCConnFailure | ADCError )) & G(StartUpMode -> F(failSafeMode))),G((StartUpMode & (ADCConnFailure | ADCError) & ADCRetries_greaterThanOrEqual_5) -> F failSafeMode),False
ARTEMIS,122,"Start-up Mode: If the external ADC fails to initialize or reports an error condition after a fixed number of retries (maximum 5), the controller shall transition to the fail-safe mode.",!(ADCRetries_greaterThanOrEqual_5 & ( ADCConnFailure | ADCError )) U ((ADCRetries_greaterThanOrEqual_5 & ( ADCConnFailure | ADCError )) & G(StartUpMode -> F(failSafeMode))),G((StartUpMode & (ADCConnFailure | (ADCError & ADCRetries_greaterThanOrEqual_5))) -> F failSafeMode),False
ARTEMIS,122,"Start-up Mode: If the external ADC fails to initialize or reports an error condition after a fixed number of retries (maximum 5), the controller shall transition to the fail-safe mode.",!(ADCRetries_greaterThanOrEqual_5 & ( ADCConnFailure | ADCError )) U ((ADCRetries_greaterThanOrEqual_5 & ( ADCConnFailure | ADCError )) & G(StartUpMode -> F(failSafeMode))),G((StartUpMode & (ADCConnFailure | (ADCError & ADCRetries_greaterThanOrEqual_5))) -> F failSafeMode),False
ARTEMIS,122,"Start-up Mode: If the external ADC fails to initialize or reports an error condition after a fixed number of retries (maximum 5), the controller shall transition to the fail-safe mode.",!(ADCRetries_greaterThanOrEqual_5 & ( ADCConnFailure | ADCError )) U ((ADCRetries_greaterThanOrEqual_5 & ( ADCConnFailure | ADCError )) & G(StartUpMode -> F(failSafeMode))),G((StartUpMode & (ADCConnFailure | (ADCError & ADCRetries_greaterThanOrEqual_5))) -> F failSafeMode),False
ARTEMIS,122,"Start-up Mode: If the external ADC fails to initialize or reports an error condition after a fixed number of retries (maximum 5), the controller shall transition to the fail-safe mode.",!(ADCRetries_greaterThanOrEqual_5 & ( ADCConnFailure | ADCError )) U ((ADCRetries_greaterThanOrEqual_5 & ( ADCConnFailure | ADCError )) & G(StartUpMode -> F(failSafeMode))),G((StartUpMode & (ADCConnFailure | (ADCError & ADCRetries_greaterThanOrEqual_5))) -> F failSafeMode),False
ARTEMIS,122,"Start-up Mode: If the external ADC fails to initialize or reports an error condition after a fixed number of retries (maximum 5), the controller shall transition to the fail-safe mode.",!(ADCRetries_greaterThanOrEqual_5 & ( ADCConnFailure | ADCError )) U ((ADCRetries_greaterThanOrEqual_5 & ( ADCConnFailure | ADCError )) & G(StartUpMode -> F(failSafeMode))),G((StartUpMode & (ADCConnFailure | (ADCError & ADCRetries_greaterThanOrEqual_5))) -> F failSafeMode),False
ARTEMIS,122,"Start-up Mode: If the external ADC fails to initialize or reports an error condition after a fixed number of retries (maximum 5), the controller shall transition to the fail-safe mode.",!(ADCRetries_greaterThanOrEqual_5 & ( ADCConnFailure | ADCError )) U ((ADCRetries_greaterThanOrEqual_5 & ( ADCConnFailure | ADCError )) & G(StartUpMode -> F(failSafeMode))),G((StartUpMode & (ADCConnFailure | (ADCError & ADCRetries_greaterThanOrEqual_5))) -> F failSafeMode),False
ARTEMIS,122,"Start-up Mode: If the external ADC fails to initialize or reports an error condition after a fixed number of retries (maximum 5), the controller shall transition to the fail-safe mode.",!(ADCRetries_greaterThanOrEqual_5 & ( ADCConnFailure | ADCError )) U ((ADCRetries_greaterThanOrEqual_5 & ( ADCConnFailure | ADCError )) & G(StartUpMode -> F(failSafeMode))),G((StartUpMode & (ADCConnFailure | (ADCError & ADCRetries_greaterThanOrEqual_5))) -> F failSafeMode),False
ARTEMIS,122,"Start-up Mode: If the external ADC fails to initialize or reports an error condition after a fixed number of retries (maximum 5), the controller shall transition to the fail-safe mode.",!(ADCRetries_greaterThanOrEqual_5 & ( ADCConnFailure | ADCError )) U ((ADCRetries_greaterThanOrEqual_5 & ( ADCConnFailure | ADCError )) & G(StartUpMode -> F(failSafeMode))),G((StartUpMode & (ADCConnFailure | (ADCError & ADCRetries_greaterThanOrEqual_5))) -> F failSafeMode),False
ARTEMIS,122,"Start-up Mode: If the external ADC fails to initialize or reports an error condition after a fixed number of retries (maximum 5), the controller shall transition to the fail-safe mode.",!(ADCRetries_greaterThanOrEqual_5 & ( ADCConnFailure | ADCError )) U ((ADCRetries_greaterThanOrEqual_5 & ( ADCConnFailure | ADCError )) & G(StartUpMode -> F(failSafeMode))),G((StartUpMode & (ADCConnFailure | (ADCError & ADCRetries_greaterThanOrEqual_5))) -> F failSafeMode),False
ARTEMIS,122,"Start-up Mode: If the external ADC fails to initialize or reports an error condition after a fixed number of retries (maximum 5), the controller shall transition to the fail-safe mode.",!(ADCRetries_greaterThanOrEqual_5 & ( ADCConnFailure | ADCError )) U ((ADCRetries_greaterThanOrEqual_5 & ( ADCConnFailure | ADCError )) & G(StartUpMode -> F(failSafeMode))),G((StartUpMode & (ADCConnFailure | (ADCError & ADCRetries_greaterThanOrEqual_5))) -> F failSafeMode),False
ARTEMIS,122,"Start-up Mode: If the external ADC fails to initialize or reports an error condition after a fixed number of retries (maximum 5), the controller shall transition to the fail-safe mode.",!(ADCRetries_greaterThanOrEqual_5 & ( ADCConnFailure | ADCError )) U ((ADCRetries_greaterThanOrEqual_5 & ( ADCConnFailure | ADCError )) & G(StartUpMode -> F(failSafeMode))),G((StartUpMode & (ADCConnFailure | (ADCError & ADCRetries_greaterThanOrEqual_5))) -> F failSafeMode),False
ARTEMIS,122,"Start-up Mode: If the external ADC fails to initialize or reports an error condition after a fixed number of retries (maximum 5), the controller shall transition to the fail-safe mode.",!(ADCRetries_greaterThanOrEqual_5 & ( ADCConnFailure | ADCError )) U ((ADCRetries_greaterThanOrEqual_5 & ( ADCConnFailure | ADCError )) & G(StartUpMode -> F(failSafeMode))),G((StartUpMode & (ADCConnFailure | (ADCError & ADCRetries_greaterThanOrEqual_5))) -> F failSafeMode),False
ARTEMIS,122,"Start-up Mode: If the external ADC fails to initialize or reports an error condition after a fixed number of retries (maximum 5), the controller shall transition to the fail-safe mode.",!(ADCRetries_greaterThanOrEqual_5 & ( ADCConnFailure | ADCError )) U ((ADCRetries_greaterThanOrEqual_5 & ( ADCConnFailure | ADCError )) & G(StartUpMode -> F(failSafeMode))),G((StartUpMode & (ADCConnFailure | (ADCError & ADCRetries_greaterThanOrEqual_5))) -> F failSafeMode),False
ARTEMIS,122,"Start-up Mode: If the external ADC fails to initialize or reports an error condition after a fixed number of retries (maximum 5), the controller shall transition to the fail-safe mode.",!(ADCRetries_greaterThanOrEqual_5 & ( ADCConnFailure | ADCError )) U ((ADCRetries_greaterThanOrEqual_5 & ( ADCConnFailure | ADCError )) & G(StartUpMode -> F(failSafeMode))),G((StartUpMode & (ADCConnFailure | (ADCError & ADCRetries_greaterThanOrEqual_5))) -> F failSafeMode),False
ARTEMIS,122,"Start-up Mode: If the external ADC fails to initialize or reports an error condition after a fixed number of retries (maximum 5), the controller shall transition to the fail-safe mode.",!(ADCRetries_greaterThanOrEqual_5 & ( ADCConnFailure | ADCError )) U ((ADCRetries_greaterThanOrEqual_5 & ( ADCConnFailure | ADCError )) & G(StartUpMode -> F(failSafeMode))),G((StartUpMode & (ADCConnFailure | (ADCError & ADCRetries_greaterThanOrEqual_5))) -> F failSafeMode),False
ARTEMIS,122,"Start-up Mode: If the external ADC fails to initialize or reports an error condition after a fixed number of retries (maximum 5), the controller shall transition to the fail-safe mode.",!(ADCRetries_greaterThanOrEqual_5 & ( ADCConnFailure | ADCError )) U ((ADCRetries_greaterThanOrEqual_5 & ( ADCConnFailure | ADCError )) & G(StartUpMode -> F(failSafeMode))),G((StartUpMode & (ADCConnFailure | (ADCError & ADCRetries_greaterThanOrEqual_5))) -> F failSafeMode),False
ARTEMIS,122,"Start-up Mode: If the external ADC fails to initialize or reports an error condition after a fixed number of retries (maximum 5), the controller shall transition to the fail-safe mode.",!(ADCRetries_greaterThanOrEqual_5 & ( ADCConnFailure | ADCError )) U ((ADCRetries_greaterThanOrEqual_5 & ( ADCConnFailure | ADCError )) & G(StartUpMode -> F(failSafeMode))),G((StartUpMode & (ADCConnFailure | (ADCError & ADCRetries_greaterThanOrEqual_5))) -> F failSafeMode),False
ARTEMIS,122,"Start-up Mode: If the external ADC fails to initialize or reports an error condition after a fixed number of retries (maximum 5), the controller shall transition to the fail-safe mode.",!(ADCRetries_greaterThanOrEqual_5 & ( ADCConnFailure | ADCError )) U ((ADCRetries_greaterThanOrEqual_5 & ( ADCConnFailure | ADCError )) & G(StartUpMode -> F(failSafeMode))),G((StartUpMode & (ADCConnFailure | (ADCError & ADCRetries_greaterThanOrEqual_5))) -> F failSafeMode),False
ARTEMIS,122,"Start-up Mode: If the external ADC fails to initialize or reports an error condition after a fixed number of retries (maximum 5), the controller shall transition to the fail-safe mode.",!(ADCRetries_greaterThanOrEqual_5 & ( ADCConnFailure | ADCError )) U ((ADCRetries_greaterThanOrEqual_5 & ( ADCConnFailure | ADCError )) & G(StartUpMode -> F(failSafeMode))),G((StartUpMode & (ADCConnFailure | (ADCError & ADCRetries_greaterThanOrEqual_5))) -> F failSafeMode),False
ARTEMIS,122,"Start-up Mode: If the external ADC fails to initialize or reports an error condition after a fixed number of retries (maximum 5), the controller shall transition to the fail-safe mode.",!(ADCRetries_greaterThanOrEqual_5 & ( ADCConnFailure | ADCError )) U ((ADCRetries_greaterThanOrEqual_5 & ( ADCConnFailure | ADCError )) & G(StartUpMode -> F(failSafeMode))),G((StartUpMode & (ADCConnFailure | (ADCError & ADCRetries_greaterThanOrEqual_5))) -> F failSafeMode),False
ARTEMIS,122,"Start-up Mode: If the external ADC fails to initialize or reports an error condition after a fixed number of retries (maximum 5), the controller shall transition to the fail-safe mode.",!(ADCRetries_greaterThanOrEqual_5 & ( ADCConnFailure | ADCError )) U ((ADCRetries_greaterThanOrEqual_5 & ( ADCConnFailure | ADCError )) & G(StartUpMode -> F(failSafeMode))),G((StartUpMode & (ADCConnFailure | (ADCError & ADCRetries_greaterThanOrEqual_5))) -> F failSafeMode),False
ARTEMIS,122,"Start-up Mode: If the external ADC fails to initialize or reports an error condition after a fixed number of retries (maximum 5), the controller shall transition to the fail-safe mode.",!(ADCRetries_greaterThanOrEqual_5 & ( ADCConnFailure | ADCError )) U ((ADCRetries_greaterThanOrEqual_5 & ( ADCConnFailure | ADCError )) & G(StartUpMode -> F(failSafeMode))),G((StartUpMode & (ADCConnFailure | (ADCError & ADCRetries_greaterThanOrEqual_5))) -> F failSafeMode),False
ARTEMIS,122,"Start-up Mode: If the external ADC fails to initialize or reports an error condition after a fixed number of retries (maximum 5), the controller shall transition to the fail-safe mode.",!(ADCRetries_greaterThanOrEqual_5 & ( ADCConnFailure | ADCError )) U ((ADCRetries_greaterThanOrEqual_5 & ( ADCConnFailure | ADCError )) & G(StartUpMode -> F(failSafeMode))),G((StartUpMode & (ADCConnFailure | (ADCError & ADCRetries_greaterThanOrEqual_5))) -> F failSafeMode),False
